iteration,loss,grad_norm,x,y,optimizer,elapsed_seconds,test_acc
0,78.675476,407.8244934082031,-0.6209466457366943,0.4547005891799927,SAM_SGD,0.0,0.5
1,3.1053066,19.62423324584961,-0.6522384285926819,0.4252685010433197,SAM_SGD,0.001,0.5
2,2.7298937,3.342820882797241,-0.6296471953392029,0.4389296770095825,SAM_SGD,0.002,0.5
3,2.8361552,11.2910795211792,-0.6552116870880127,0.4148325622081756,SAM_SGD,0.003,0.5
4,2.7606633,7.66967248916626,-0.6248261332511902,0.4340641796588897,SAM_SGD,0.004,0.5
5,2.830649,11.61606502532959,-0.6503736972808838,0.4097916781902313,SAM_SGD,0.005,0.5
6,2.7411423,7.231866836547852,-0.6207310557365417,0.4286234974861145,SAM_SGD,0.006,0.5
7,2.814401,11.467697143554688,-0.6459391713142395,0.404486209154129,SAM_SGD,0.007,0.5
8,2.7253747,7.062958717346191,-0.6167309880256653,0.4231292307376861,SAM_SGD,0.008,0.5
9,2.7967644,11.257558822631836,-0.6415590047836304,0.3991690278053283,SAM_SGD,0.009,0.5
10,2.7101638,6.933591365814209,-0.6127386689186096,0.417653888463974,SAM_SGD,0.01,0.5
11,2.779054,11.042143821716309,-0.6371843814849854,0.3938756585121155,SAM_SGD,0.011,0.5
12,2.6950822,6.812044620513916,-0.6087425351142883,0.4122071266174316,SAM_SGD,0.012,0.5
13,2.7614384,10.828832626342772,-0.6328087449073792,0.3886109590530395,SAM_SGD,0.013,0.5
14,2.6800733,6.694098472595215,-0.6047410368919373,0.4067902863025665,SAM_SGD,0.014,0.5
15,2.7439387,10.61857795715332,-0.6284310817718506,0.3833756148815155,SAM_SGD,0.015,0.5
16,2.665128,6.5790863037109375,-0.6007339954376221,0.4014035165309906,SAM_SGD,0.016,0.5
17,2.7265542,10.411436080932615,-0.6240514516830444,0.3781697452068329,SAM_SGD,0.017,0.5
18,2.6502454,6.466994285583496,-0.5967214107513428,0.3960469663143158,SAM_SGD,0.018,0.5
19,2.7092836,10.207393646240234,-0.6196696162223816,0.3729935586452484,SAM_SGD,0.019,0.5
20,2.635423,6.357657909393311,-0.5927032828330994,0.3907206654548645,SAM_SGD,0.02,0.5
21,2.692125,10.006421089172363,-0.6152855157852173,0.3678470849990845,SAM_SGD,0.021,0.5
22,2.6206589,6.251028537750244,-0.5886795520782471,0.3854247331619262,SAM_SGD,0.022,0.5
23,2.6750767,9.808504104614258,-0.6108992695808411,0.362730473279953,SAM_SGD,0.023,0.5
24,2.605953,6.147088050842285,-0.5846503376960754,0.3801592290401459,SAM_SGD,0.024,0.5
25,2.6581368,9.613576889038086,-0.6065107583999634,0.3576438426971435,SAM_SGD,0.025,0.5
26,2.5913043,6.045762538909912,-0.5806155800819397,0.3749242722988128,SAM_SGD,0.026,0.5
27,2.6413035,9.421635627746582,-0.6021199226379395,0.3525873720645904,SAM_SGD,0.027,0.5
28,2.5767105,5.946954250335693,-0.5765753984451294,0.3697200119495392,SAM_SGD,0.028,0.5
29,2.624576,9.232643127441406,-0.5977268815040588,0.3475611805915832,SAM_SGD,0.029,0.5
30,2.5621715,5.8506622314453125,-0.5725297927856445,0.3645465672016144,SAM_SGD,0.03,0.5
31,2.6079519,9.046579360961914,-0.593331515789032,0.342565506696701,SAM_SGD,0.031,0.5
32,2.5476866,5.756772041320801,-0.5684787631034851,0.3594040870666504,SAM_SGD,0.032,0.5
33,2.5914307,8.863431930541992,-0.5889338850975037,0.3376004695892334,SAM_SGD,0.033,0.5
34,2.533254,5.665258407592773,-0.5644223690032959,0.3542927205562591,SAM_SGD,0.034,0.5
35,2.5750098,8.683182716369629,-0.5845339894294739,0.3326663374900818,SAM_SGD,0.035,0.5
36,2.5188723,5.5760345458984375,-0.5603607296943665,0.349212646484375,SAM_SGD,0.036,0.5
37,2.5586894,8.505794525146484,-0.5801318287849426,0.3277631998062134,SAM_SGD,0.037,0.5
38,2.5045424,5.4890666007995605,-0.5562938451766968,0.3441640138626098,SAM_SGD,0.038,0.5
39,2.5424676,8.331266403198242,-0.5757274031639099,0.3228913843631744,SAM_SGD,0.039,0.5
40,2.4902627,5.404253959655762,-0.5522218346595764,0.3391470313072204,SAM_SGD,0.04,0.5
41,2.526343,8.159571647644043,-0.5713207721710205,0.3180510997772217,SAM_SGD,0.041,0.5
42,2.4760318,5.321547508239746,-0.5481447577476501,0.3341619074344635,SAM_SGD,0.042,0.5
43,2.5103164,7.99070930480957,-0.566912055015564,0.3132425844669342,SAM_SGD,0.043,0.5
44,2.4618502,5.240916252136231,-0.5440627336502075,0.3292088806629181,SAM_SGD,0.044,0.5
45,2.4943843,7.82465124130249,-0.5625012516975403,0.3084661066532135,SAM_SGD,0.045,0.5
46,2.447717,5.1622700691223145,-0.5399758219718933,0.3242881596088409,SAM_SGD,0.046,0.5
47,2.478548,7.661414623260498,-0.5580884218215942,0.3037219643592834,SAM_SGD,0.047,0.5
48,2.4336314,5.085554599761963,-0.5358841419219971,0.3193999826908111,SAM_SGD,0.048,0.5
49,2.4628057,7.500974178314209,-0.5536735653877258,0.2990103960037231,SAM_SGD,0.049,0.5
50,2.4195926,5.010674953460693,-0.5317878127098083,0.3145445585250854,SAM_SGD,0.05,0.5
51,2.4471567,7.343310832977295,-0.5492568612098694,0.2943317294120788,SAM_SGD,0.051,0.5
52,2.4056008,4.937612056732178,-0.5276870131492615,0.3097221851348877,SAM_SGD,0.052,0.5
53,2.4316003,7.188426017761231,-0.5448383688926697,0.2896862626075744,SAM_SGD,0.053,0.5
54,2.3916562,4.86628007888794,-0.5235818028450012,0.3049331307411194,SAM_SGD,0.054,0.5
55,2.4161358,7.036326408386231,-0.5404182076454163,0.2850742936134338,SAM_SGD,0.055,0.5
56,2.3777568,4.796645164489746,-0.5194724202156067,0.300177663564682,SAM_SGD,0.056,0.5
57,2.4007633,6.886985778808594,-0.5359964370727539,0.2804962396621704,SAM_SGD,0.057,0.5
58,2.3639035,4.7285871505737305,-0.5153589844703674,0.295456051826477,SAM_SGD,0.058,0.5
59,2.3854816,6.740406036376953,-0.5315732359886169,0.2759523391723633,SAM_SGD,0.059,0.5
60,2.3500962,4.6620965003967285,-0.5112416744232178,0.2907685935497284,SAM_SGD,0.06,0.5
61,2.3702908,6.59657621383667,-0.5271487236022949,0.2714430093765259,SAM_SGD,0.061,0.5
62,2.336334,4.597095966339111,-0.5071207284927368,0.2861155867576599,SAM_SGD,0.062,0.5
63,2.3551893,6.455479621887207,-0.5227230191230774,0.2669686079025268,SAM_SGD,0.063,0.5
64,2.3226175,4.533514499664307,-0.5029963254928589,0.2814973294734955,SAM_SGD,0.064,0.5
65,2.3401775,6.317118167877197,-0.5182963609695435,0.2625294625759125,SAM_SGD,0.065,0.5
66,2.308947,4.471333026885986,-0.4988686144351959,0.2769141793251037,SAM_SGD,0.066,0.5
67,2.3252552,6.181512832641602,-0.5138687491416931,0.2581260502338409,SAM_SGD,0.067,0.5
68,2.2953212,4.410408020019531,-0.4947378933429718,0.2723663747310638,SAM_SGD,0.068,0.5
69,2.3104217,6.048623561859131,-0.509440541267395,0.2537586390972137,SAM_SGD,0.069,0.5
70,2.2817411,4.350766181945801,-0.4906044006347656,0.2678542733192444,SAM_SGD,0.07,0.5
71,2.2956767,5.918449401855469,-0.5050118565559387,0.2494276762008667,SAM_SGD,0.071,0.5
72,2.2682068,4.292329788208008,-0.4864684045314789,0.2633781731128692,SAM_SGD,0.072,0.5
73,2.2810197,5.790973663330078,-0.5005829334259033,0.2451335489749908,SAM_SGD,0.073,0.5
74,2.254719,4.235037326812744,-0.482330173254013,0.2589384317398071,SAM_SGD,0.074,0.5
75,2.266451,5.666199684143066,-0.4961539506912231,0.2408767491579055,SAM_SGD,0.075,0.5
76,2.2412772,4.178822040557861,-0.478190004825592,0.2545353770256042,SAM_SGD,0.076,0.5
77,2.2519696,5.544114589691162,-0.4917251765727997,0.2366576045751571,SAM_SGD,0.077,0.5
78,2.227882,4.123647689819336,-0.4740482270717621,0.2501693069934845,SAM_SGD,0.078,0.5
79,2.2375762,5.4246931076049805,-0.4872968792915344,0.2324765920639038,SAM_SGD,0.079,0.5
80,2.2145336,4.069461822509766,-0.469905138015747,0.2458405941724777,SAM_SGD,0.08,0.5
81,2.22327,5.307934761047363,-0.4828692972660064,0.2283340692520141,SAM_SGD,0.081,0.5
82,2.201233,4.016228199005127,-0.4657610654830932,0.2415495216846466,SAM_SGD,0.082,0.5
83,2.2090511,5.193824768066406,-0.4784426987171173,0.2242304980754852,SAM_SGD,0.083,0.5
84,2.18798,3.963886260986328,-0.4616163372993469,0.2372964322566986,SAM_SGD,0.084,0.5
85,2.194919,5.0823516845703125,-0.4740173816680908,0.2201663255691528,SAM_SGD,0.085,0.5
86,2.1747758,3.912389278411865,-0.4574714004993438,0.2330816388130188,SAM_SGD,0.086,0.5
87,2.180874,4.973480224609375,-0.4695936441421509,0.216141939163208,SAM_SGD,0.087,0.5
88,2.1616206,3.86170506477356,-0.4533265829086303,0.2289054542779922,SAM_SGD,0.088,0.5
89,2.1669164,4.867206573486328,-0.4651718437671661,0.2121577858924865,SAM_SGD,0.089,0.5
90,2.1485152,3.811800003051758,-0.4491823017597198,0.2247682064771652,SAM_SGD,0.09,0.5
91,2.1530452,4.763500213623047,-0.4607522487640381,0.2082142531871795,SAM_SGD,0.091,0.5
92,2.1354604,3.762631893157959,-0.4450389444828033,0.2206701785326004,SAM_SGD,0.092,0.5
93,2.139261,4.662351608276367,-0.4563352167606354,0.204311802983284,SAM_SGD,0.093,0.5
94,2.1224566,3.714156866073608,-0.440896987915039,0.2166116535663604,SAM_SGD,0.094,0.5
95,2.1255636,4.563717842102051,-0.451921135187149,0.2004508376121521,SAM_SGD,0.095,0.5
96,2.1095052,3.666353702545166,-0.436756819486618,0.2125929445028305,SAM_SGD,0.096,0.5
97,2.1119533,4.46759033203125,-0.4475103616714477,0.1966318041086197,SAM_SGD,0.097,0.5
98,2.0966065,3.6191890239715576,-0.4326189160346985,0.2086143344640731,SAM_SGD,0.098,0.5
99,2.0984294,4.373941421508789,-0.4431032240390777,0.1928550451993942,SAM_SGD,0.099,0.5
100,2.0837615,3.57263445854187,-0.4284837245941162,0.2046760022640228,SAM_SGD,0.1,0.5
101,2.0849926,4.282725811004639,-0.4387001693248749,0.1891209185123443,SAM_SGD,0.101,0.5
102,2.0709717,3.526686668395996,-0.4243517518043518,0.2007782459259033,SAM_SGD,0.102,0.5
103,2.0716426,4.193918704986572,-0.4343015253543854,0.1854299008846283,SAM_SGD,0.103,0.5
104,2.058237,3.4812915325164795,-0.4202235043048858,0.1969212740659713,SAM_SGD,0.104,0.5
105,2.05838,4.107481956481934,-0.4299077987670898,0.1817823052406311,SAM_SGD,0.105,0.5
106,2.0455594,3.436465263366699,-0.4160993695259094,0.1931053400039672,SAM_SGD,0.106,0.5
107,2.045204,4.023410320281982,-0.4255192577838897,0.178178533911705,SAM_SGD,0.107,0.5
108,2.0329392,3.392155647277832,-0.4119799435138702,0.1893305629491806,SAM_SGD,0.108,0.5
109,2.0321155,3.94163179397583,-0.4211364090442657,0.1746188849210739,SAM_SGD,0.109,0.5
110,2.0203776,3.3483779430389404,-0.4078657329082489,0.1855971366167068,SAM_SGD,0.11,0.5
111,2.019114,3.86211895942688,-0.4167596697807312,0.1711037009954452,SAM_SGD,0.111,0.5
112,2.0078764,3.3051187992095947,-0.403757244348526,0.1819052398204803,SAM_SGD,0.112,0.5
113,2.0061998,3.784843921661377,-0.4123894572257995,0.1676333546638488,SAM_SGD,0.113,0.5
114,1.9954355,3.262357711791992,-0.3996550142765045,0.1782549768686294,SAM_SGD,0.114,0.5
115,1.9933733,3.709754705429077,-0.4080261588096618,0.1642080843448639,SAM_SGD,0.115,0.5
116,1.9830564,3.2200965881347656,-0.395559549331665,0.1746464222669601,SAM_SGD,0.116,0.5
117,1.9806342,3.636811017990112,-0.4036702513694763,0.1608281880617141,SAM_SGD,0.117,0.5
118,1.9707403,3.178339719772339,-0.3914713859558105,0.1710796803236007,SAM_SGD,0.118,0.5
119,1.9679829,3.565978527069092,-0.3993220925331116,0.1574939936399459,SAM_SGD,0.119,0.5
120,1.9584879,3.1370656490325928,-0.3873910903930664,0.1675547808408737,SAM_SGD,0.12,0.5
121,1.9554193,3.497201442718506,-0.3949821591377258,0.1542056649923324,SAM_SGD,0.121,0.5
122,1.946301,3.0963025093078613,-0.3833191692829132,0.1640717387199401,SAM_SGD,0.122,0.5
123,1.9429435,3.430443286895752,-0.3906508386135101,0.1509635001420974,SAM_SGD,0.123,0.5
124,1.9341804,3.0560364723205566,-0.3792561590671539,0.1606305390596389,SAM_SGD,0.124,0.5
125,1.9305557,3.3656582832336426,-0.3863284885883331,0.1477677226066589,SAM_SGD,0.125,0.5
126,1.9221262,3.0162675380706787,-0.3752025961875915,0.1572311222553253,SAM_SGD,0.126,0.5
127,1.9182562,3.302797317504883,-0.3820155560970306,0.1446184962987899,SAM_SGD,0.127,0.5
128,1.9101406,2.977017641067505,-0.371159017086029,0.1538734138011932,SAM_SGD,0.128,0.5
129,1.9060446,3.2418198585510254,-0.3777123987674713,0.1415160298347473,SAM_SGD,0.129,0.5
130,1.8982238,2.9382917881011963,-0.3671258985996246,0.1505573242902755,SAM_SGD,0.13,0.5
131,1.893921,3.182690382003784,-0.373419314622879,0.1384605020284652,SAM_SGD,0.131,0.5
132,1.8863769,2.9000909328460693,-0.3631038069725036,0.1472826302051544,SAM_SGD,0.132,0.5
133,1.8818861,3.125345230102539,-0.369136780500412,0.1354520320892334,SAM_SGD,0.133,0.5
134,1.8746011,2.8624520301818848,-0.3590932488441467,0.1440492272377014,SAM_SGD,0.134,0.5
135,1.8699392,3.0697593688964844,-0.3648650050163269,0.1324908435344696,SAM_SGD,0.135,0.5
136,1.862897,2.8253581523895264,-0.3550947308540344,0.1408568024635315,SAM_SGD,0.136,0.5
137,1.8580806,3.015876054763794,-0.3606042861938476,0.129577025771141,SAM_SGD,0.137,0.5
138,1.851265,2.788839340209961,-0.3511087298393249,0.1377051174640655,SAM_SGD,0.138,0.5
139,1.8463111,2.9636647701263428,-0.3563549220561981,0.1267106980085373,SAM_SGD,0.139,0.5
140,1.8397065,2.752917051315308,-0.3471356928348541,0.1345938295125961,SAM_SGD,0.14,0.5
141,1.8346292,2.9130890369415283,-0.352117121219635,0.123891957104206,SAM_SGD,0.141,0.5
142,1.8282214,2.71761155128479,-0.3431761264801025,0.1315225660800933,SAM_SGD,0.142,0.5
143,1.8230358,2.8641064167022705,-0.3478910624980926,0.1211209446191787,SAM_SGD,0.143,0.5
144,1.8168112,2.682939291000366,-0.3392304182052612,0.1284908801317215,SAM_SGD,0.144,0.5
145,1.8115306,2.816688776016236,-0.3436768651008606,0.1183977276086807,SAM_SGD,0.145,0.5
146,1.8054755,2.648928642272949,-0.3352990448474884,0.125498279929161,SAM_SGD,0.146,0.5
147,1.8001133,2.770803689956665,-0.3394746780395508,0.1157224103808403,SAM_SGD,0.147,0.5
148,1.7942154,2.6156153678894043,-0.3313823640346527,0.1225442662835121,SAM_SGD,0.148,0.5
149,1.7887844,2.726435422897339,-0.3352844715118408,0.1130950599908828,SAM_SGD,0.149,0.5
150,1.7830307,2.583030939102173,-0.3274807333946228,0.1196281686425209,SAM_SGD,0.15,0.5
151,1.777543,2.6835622787475586,-0.3311062157154083,0.1105157881975174,SAM_SGD,0.151,0.5
152,1.7719219,2.551212310791016,-0.3235944807529449,0.1167493164539337,SAM_SGD,0.152,0.5
153,1.7663885,2.642174243927002,-0.3269397914409637,0.1079846397042274,SAM_SGD,0.153,0.5
154,1.7608892,2.520212173461914,-0.3197238147258758,0.113906942307949,SAM_SGD,0.154,0.5
155,1.7553219,2.6022775173187256,-0.3227850198745727,0.1055016592144966,SAM_SGD,0.155,0.5
156,1.7499322,2.4900918006896973,-0.315869003534317,0.1111002340912818,SAM_SGD,0.156,0.5
157,1.7443413,2.5638794898986816,-0.3186415731906891,0.1030668914318084,SAM_SGD,0.157,0.5
158,1.739051,2.460918664932251,-0.3120300471782684,0.1083282679319381,SAM_SGD,0.158,0.5
159,1.7334472,2.5270166397094727,-0.3145090639591217,0.10068029910326,SAM_SGD,0.159,0.5
160,1.7282453,2.432784080505371,-0.3082069754600525,0.1055900901556015,SAM_SGD,0.16,0.5
161,1.7226386,2.4917328357696533,-0.3103869557380676,0.0983417853713035,SAM_SGD,0.161,0.5
162,1.7175145,2.405794382095337,-0.3043994903564453,0.1028846949338913,SAM_SGD,0.162,0.5
163,1.7119144,2.4581098556518555,-0.3062746524810791,0.0960510671138763,SAM_SGD,0.163,0.5
164,1.7068583,2.3800899982452397,-0.3006071448326111,0.1002110987901687,SAM_SGD,0.164,0.5
165,1.7012744,2.426251173019409,-0.302171379327774,0.0938077121973037,SAM_SGD,0.165,0.5
166,1.6962754,2.3558294773101807,-0.2968291044235229,0.0975683405995369,SAM_SGD,0.166,0.5
167,1.6907164,2.3962976932525635,-0.298076331615448,0.0916108861565589,SAM_SGD,0.167,0.5
168,1.6857649,2.3332161903381348,-0.2930640280246734,0.0949556827545166,SAM_SGD,0.168,0.5
169,1.6802394,2.3684353828430176,-0.2939886450767517,0.0894592702388763,SAM_SGD,0.169,0.5
170,1.6753248,2.31248140335083,-0.289309948682785,0.0923727229237556,SAM_SGD,0.17,0.5
171,1.6698414,2.3428869247436523,-0.2899075448513031,0.0873507261276245,SAM_SGD,0.171,0.5
172,1.6649534,2.293893337249756,-0.2855640053749084,0.0898196846246719,SAM_SGD,0.172,0.5
173,1.6595187,2.319913387298584,-0.285832405090332,0.0852820575237274,SAM_SGD,0.173,0.5
174,1.6546481,2.2777252197265625,-0.2818222641944885,0.087297610938549,SAM_SGD,0.174,0.5
175,1.6492679,2.299779176712036,-0.2817629873752594,0.0832486823201179,SAM_SGD,0.175,0.5
176,1.644405,2.264225721359253,-0.2780795991420746,0.0848087966442108,SAM_SGD,0.176,0.5
177,1.6390834,2.282719135284424,-0.2776995003223419,0.0812444016337394,SAM_SGD,0.177,0.5
178,1.6342194,2.253558397293091,-0.2743297219276428,0.0823568105697631,SAM_SGD,0.178,0.5
179,1.628957,2.268866539001465,-0.2736427783966064,0.0792614743113517,SAM_SGD,0.179,0.5
180,1.6240853,2.245733976364136,-0.2705654203891754,0.0799465030431747,SAM_SGD,0.18,0.5
181,1.6188803,2.258193254470825,-0.2695940136909485,0.0772911086678505,SAM_SGD,0.181,0.5
182,1.6139942,2.240550756454468,-0.2667794823646545,0.0775833427906036,SAM_SGD,0.182,0.5
183,1.6088415,2.250455617904663,-0.2655544877052307,0.0753246545791626,SAM_SGD,0.183,0.5
184,1.6039373,2.237583875656128,-0.2629656195640564,0.075272299349308,SAM_SGD,0.184,0.5
185,1.5988294,2.245206117630005,-0.2615248560905456,0.0733551234006881,SAM_SGD,0.185,0.5
186,1.5939051,2.2362518310546875,-0.2591195702552795,0.0730166137218475,SAM_SGD,0.186,0.5
187,1.588832,2.241870403289795,-0.2575045824050903,0.0713785737752914,SAM_SGD,0.187,0.5
188,1.5838883,2.23593544960022,-0.2552398145198822,0.0708168223500251,SAM_SGD,0.188,0.5
189,1.5788413,2.23986291885376,-0.2534916400909424,0.069394826889038,SAM_SGD,0.189,0.5
190,1.57388,2.236107587814331,-0.2513273656368255,0.0686705559492111,SAM_SGD,0.19,0.5
191,1.5688509,2.238685131072998,-0.2494827657938003,0.0674070343375206,SAM_SGD,0.191,0.5
192,1.5638753,2.2364041805267334,-0.2473850846290588,0.066573292016983,SAM_SGD,0.192,0.5
193,1.5588572,2.237973690032959,-0.245474100112915,0.0654205009341239,SAM_SGD,0.193,0.5
194,1.5538714,2.236626625061035,-0.2434166818857193,0.0645195469260215,SAM_SGD,0.194,0.5
195,1.5488601,2.237492322921753,-0.2414617240428924,0.0634412467479705,SAM_SGD,0.195,0.5
196,1.5438668,2.236696243286133,-0.2394258677959442,0.0625039413571357,SAM_SGD,0.196,0.5
197,1.538859,2.237098693847656,-0.2374423444271087,0.061474896967411,SAM_SGD,0.197,0.5
198,1.5338606,2.236600637435913,-0.2354157567024231,0.0605220422148704,SAM_SGD,0.198,0.5
199,1.5288544,2.2367098331451416,-0.2334135025739669,0.0595260523259639,SAM_SGD,0.199,0.5
200,1.5238532,2.236351251602173,-0.2313886880874633,0.0585706606507301,SAM_SGD,0.2,0.5
201,1.5188481,2.2362771034240723,-0.2293735444545745,0.0575980879366397,SAM_SGD,0.201,0.5
202,1.5138452,2.2359659671783447,-0.2273462861776352,0.0566477812826633,SAM_SGD,0.202,0.5
203,1.5088404,2.235771656036377,-0.2253214865922927,0.0556933209300041,SAM_SGD,0.203,0.5
204,1.503837,2.2354559898376465,-0.2232895940542221,0.0547522939741611,SAM_SGD,0.204,0.5
205,1.4988326,2.235175848007202,-0.2212568670511245,0.0538133010268211,SAM_SGD,0.205,0.5
206,1.493829,2.234828233718872,-0.2192193269729614,0.0528837852180004,SAM_SGD,0.206,0.5
207,1.4888254,2.2344789505004883,-0.2171795219182968,0.051959078758955,SAM_SGD,0.207,0.5
208,1.4838225,2.23408579826355,-0.2151359021663665,0.0510421954095363,SAM_SGD,0.208,0.5
209,1.4788198,2.2336745262146,-0.2130894809961319,0.0501313507556915,SAM_SGD,0.209,0.5
210,1.473818,2.2332279682159424,-0.2110396921634674,0.0492277294397354,SAM_SGD,0.21,0.5
211,1.4688166,2.2327568531036377,-0.2089868932962417,0.0483306907117366,SAM_SGD,0.211,0.5
212,1.4638164,2.232254266738892,-0.2069309055805206,0.047440692782402,SAM_SGD,0.212,0.5
213,1.4588168,2.2317233085632324,-0.2048719227313995,0.0465575344860553,SAM_SGD,0.213,0.5
214,1.4538186,2.23116135597229,-0.2028098553419113,0.0456814467906951,SAM_SGD,0.214,0.5
215,1.4488214,2.230570077896118,-0.2007448226213455,0.0448123551905155,SAM_SGD,0.215,0.5
216,1.4438257,2.229947805404663,-0.1986767798662185,0.0439503900706768,SAM_SGD,0.216,0.5
217,1.4388313,2.2292940616607666,-0.1966057866811752,0.0430955477058887,SAM_SGD,0.217,0.5
218,1.4338384,2.228609561920166,-0.1945319026708603,0.0422479026019573,SAM_SGD,0.218,0.5
219,1.4288471,2.227893114089966,-0.1924551576375961,0.0414075180888175,SAM_SGD,0.219,0.5
220,1.4238578,2.227144718170166,-0.1903755515813827,0.0405744276940822,SAM_SGD,0.22,0.5
221,1.4188702,2.2263636589050293,-0.1882931590080261,0.0397486723959445,SAM_SGD,0.221,0.5
222,1.413885,2.2255501747131348,-0.1862079948186874,0.0389303341507911,SAM_SGD,0.222,0.5
223,1.4089016,2.224703550338745,-0.1841200888156891,0.0381194278597831,SAM_SGD,0.223,0.5
224,1.4039204,2.223823547363281,-0.1820295006036758,0.0373160205781459,SAM_SGD,0.224,0.5
225,1.398942,2.222909688949585,-0.1799362599849701,0.0365201607346534,SAM_SGD,0.225,0.5
226,1.3939662,2.221962213516236,-0.1778404116630554,0.0357318967580795,SAM_SGD,0.226,0.5
227,1.3889929,2.220979928970337,-0.1757420003414154,0.034951277077198,SAM_SGD,0.227,0.5
228,1.3840226,2.2199628353118896,-0.1736410558223724,0.0341783575713634,SAM_SGD,0.228,0.5
229,1.3790553,2.2189109325408936,-0.1715376228094101,0.0334131717681884,SAM_SGD,0.229,0.5
230,1.3740908,2.2178235054016118,-0.1694317460060119,0.0326557792723178,SAM_SGD,0.23,0.5
231,1.3691297,2.216700553894043,-0.1673234701156616,0.0319062210619449,SAM_SGD,0.231,0.5
232,1.3641722,2.2155418395996094,-0.1652128547430038,0.0311645548790693,SAM_SGD,0.232,0.5
233,1.3592182,2.2143468856811523,-0.163099929690361,0.0304308217018842,SAM_SGD,0.233,0.5
234,1.3542676,2.2131149768829346,-0.1609847247600555,0.0297050662338733,SAM_SGD,0.234,0.5
235,1.3493212,2.2118465900421143,-0.1588673293590545,0.0289873294532299,SAM_SGD,0.235,0.5
236,1.3443787,2.210541009902954,-0.1567477583885193,0.0282776746898889,SAM_SGD,0.236,0.5
237,1.3394403,2.209197998046875,-0.1546260863542556,0.0275761298835277,SAM_SGD,0.237,0.5
238,1.334506,2.207817316055298,-0.1525023430585861,0.026882754638791,SAM_SGD,0.238,0.5
239,1.3295761,2.2063982486724854,-0.1503765881061554,0.0261975843459367,SAM_SGD,0.239,0.5
240,1.3246511,2.204941511154175,-0.148248866200447,0.0255206618458032,SAM_SGD,0.24,0.5
241,1.3197309,2.20344614982605,-0.1461192369461059,0.0248520374298095,SAM_SGD,0.241,0.5
242,1.3148152,2.201911687850952,-0.1439877450466156,0.0241917502135038,SAM_SGD,0.242,0.5
243,1.3099047,2.200338840484619,-0.1418544650077819,0.0235398411750793,SAM_SGD,0.243,0.5
244,1.3049994,2.1987264156341557,-0.1397194266319275,0.0228963587433099,SAM_SGD,0.244,0.5
245,1.3000995,2.19707465171814,-0.1375827044248581,0.0222613364458084,SAM_SGD,0.245,0.5
246,1.2952048,2.195383310317993,-0.1354443430900573,0.0216348189860582,SAM_SGD,0.246,0.5
247,1.2903162,2.193652391433716,-0.1333044171333313,0.0210168473422527,SAM_SGD,0.247,0.5
248,1.2854329,2.191880702972412,-0.1311629712581634,0.0204074624925851,SAM_SGD,0.248,0.5
249,1.2805561,2.190069437026977,-0.1290200650691986,0.0198067016899585,SAM_SGD,0.249,0.5
250,1.2756852,2.188217639923096,-0.1268757581710815,0.0192145965993404,SAM_SGD,0.25,0.5
251,1.2708206,2.1863248348236084,-0.1247301176190376,0.0186311919242143,SAM_SGD,0.251,0.5
252,1.2659626,2.184391498565674,-0.122583195567131,0.0180565249174833,SAM_SGD,0.252,0.5
253,1.2611109,2.1824169158935547,-0.1204350665211677,0.0174906253814697,SAM_SGD,0.253,0.5
254,1.2562666,2.1804018020629883,-0.1182857826352119,0.0169335398823022,SAM_SGD,0.254,0.5
255,1.2514286,2.178345203399658,-0.1161354184150695,0.0163852870464324,SAM_SGD,0.255,0.5
256,1.2465979,2.1762471199035645,-0.1139840334653854,0.0158459153026342,SAM_SGD,0.256,0.5
257,1.2417747,2.174107789993286,-0.1118316799402237,0.0153154470026493,SAM_SGD,0.257,0.5
258,1.2369589,2.171926975250244,-0.1096784546971321,0.0147939203307032,SAM_SGD,0.258,0.5
259,1.2321507,2.16970443725586,-0.107524387538433,0.0142813613638281,SAM_SGD,0.259,0.5
260,1.2273501,2.1674399375915527,-0.1053695678710937,0.013777800835669,SAM_SGD,0.26,0.5
261,1.2225575,2.1651339530944824,-0.1032140627503395,0.0132832704111933,SAM_SGD,0.261,0.5
262,1.217773,2.162785768508911,-0.1010579317808151,0.0127977961674332,SAM_SGD,0.262,0.5
263,1.2129967,2.160395622253418,-0.0989012643694877,0.0123214051127433,SAM_SGD,0.263,0.5
264,1.2082292,2.157963991165161,-0.096744105219841,0.0118541279807686,SAM_SGD,0.264,0.5
265,1.2034699,2.155489921569824,-0.0945865511894226,0.0113959833979606,SAM_SGD,0.265,0.5
266,1.1987199,2.1529741287231445,-0.0924286544322967,0.0109470002353191,SAM_SGD,0.266,0.5
267,1.1939783,2.150416374206543,-0.09027049690485,0.010507202707231,SAM_SGD,0.267,0.5
268,1.189246,2.1478164196014404,-0.0881121531128883,0.0100766057148575,SAM_SGD,0.268,0.5
269,1.1845229,2.145174503326416,-0.0859536901116371,0.0096552381291985,SAM_SGD,0.269,0.5
270,1.1798095,2.142490863800049,-0.0837951749563217,0.0092431167140603,SAM_SGD,0.27,0.5
271,1.1751056,2.13976526260376,-0.0816366896033287,0.0088402591645717,SAM_SGD,0.271,0.5
272,1.1704112,2.136997699737549,-0.0794783011078834,0.0084466831758618,SAM_SGD,0.272,0.5
273,1.1657269,2.134188413619995,-0.0773200839757919,0.0080624036490917,SAM_SGD,0.273,0.5
274,1.1610528,2.1313376426696777,-0.0751621350646019,0.0076874373480677,SAM_SGD,0.274,0.5
275,1.156389,2.1284453868865967,-0.0730045139789581,0.0073218010365962,SAM_SGD,0.275,0.5
276,1.1517354,2.125511646270752,-0.0708472952246666,0.0069655068218708,SAM_SGD,0.276,0.5
277,1.1470926,2.1225366592407227,-0.0686905682086944,0.0066185635514557,SAM_SGD,0.277,0.5
278,1.1424606,2.119520425796509,-0.0665343925356864,0.0062809837982058,SAM_SGD,0.278,0.5
279,1.1378394,2.1164629459381104,-0.0643788501620292,0.0059527759440243,SAM_SGD,0.279,0.5
280,1.1332294,2.1133649349212646,-0.0622240379452705,0.005633947905153,SAM_SGD,0.28,0.5
281,1.1286304,2.1102261543273926,-0.060070015490055,0.0053245080634951,SAM_SGD,0.281,0.5
282,1.124043,2.1070473194122314,-0.0579168573021888,0.0050244592130184,SAM_SGD,0.282,0.5
283,1.119467,2.103827953338623,-0.055764652788639,0.0047338064759969,SAM_SGD,0.283,0.5
284,1.1149029,2.1005685329437256,-0.0536134764552116,0.0044525540433824,SAM_SGD,0.284,0.5
285,1.1103503,2.097269296646118,-0.0514634139835834,0.0041807009838521,SAM_SGD,0.285,0.5
286,1.1058099,2.09393048286438,-0.0493145436048507,0.0039182500913739,SAM_SGD,0.286,0.5
287,1.1012818,2.090552568435669,-0.0471669398248195,0.0036651985719799,SAM_SGD,0.287,0.5
288,1.0967661,2.087136030197144,-0.0450206845998764,0.0034215452615171,SAM_SGD,0.288,0.5
289,1.0922629,2.0836801528930664,-0.0428758487105369,0.0031872843392193,SAM_SGD,0.289,0.5
290,1.087772,2.080186128616333,-0.0407325215637683,0.0029624120797961,SAM_SGD,0.29,0.5
291,1.083294,2.076653957366944,-0.0385907813906669,0.0027469207998365,SAM_SGD,0.291,0.5
292,1.078829,2.073084115982056,-0.0364507026970386,0.0025408042129129,SAM_SGD,0.292,0.5
293,1.0743772,2.069476842880249,-0.0343123748898506,0.0023440511431545,SAM_SGD,0.293,0.5
294,1.0699382,2.0658323764801025,-0.0321758724749088,0.0021566529758274,SAM_SGD,0.294,0.5
295,1.0655129,2.062151432037353,-0.0300412755459547,0.0019785966724157,SAM_SGD,0.295,0.5
296,1.0611007,2.058433771133423,-0.0279086604714393,0.0018098693108186,SAM_SGD,0.296,0.5
297,1.0567026,2.054680585861206,-0.0257781110703945,0.0016504554077982,SAM_SGD,0.297,0.5
298,1.0523177,2.050891399383545,-0.0236496962606906,0.0015003388980403,SAM_SGD,0.298,0.5
299,1.0479473,2.047067403793335,-0.0215235091745853,0.0013595029013231,SAM_SGD,0.299,0.5
300,1.0435905,2.043208599090576,-0.0193996150046587,0.0012279284419491,SAM_SGD,0.3,0.5
301,1.0392481,2.039315700531006,-0.0172780994325876,0.0011055950308218,SAM_SGD,0.301,0.5
302,1.0349197,2.035388708114624,-0.0151590444147586,0.0009924814803525,SAM_SGD,0.302,0.5
303,1.030606,2.031428337097168,-0.0130425244569778,0.0008885652641765,SAM_SGD,0.303,0.5
304,1.0263069,2.027435302734375,-0.0109286094084382,0.0007938210619613,SAM_SGD,0.304,0.5
305,1.0220222,2.023409605026245,-0.0088173849508166,0.0007082236697897,SAM_SGD,0.305,0.5
306,1.0177523,2.019351959228516,-0.0067089274525642,0.0006317467195913,SAM_SGD,0.306,0.5
307,1.0134975,2.0152628421783447,-0.0046033104881644,0.0005643616896122,SAM_SGD,0.307,0.5
308,1.0092572,2.0111424922943115,-0.0025006115902215,0.0005060385446995,SAM_SGD,0.308,0.5
309,1.0050325,2.0069921016693115,-0.0004009045660495,0.0004567471332848,SAM_SGD,0.309,0.5
310,1.0008228,2.0028114318847656,0.0016957358457148,0.0004164547717664,SAM_SGD,0.31,0.5
311,0.99662846,1.9986014366149905,0.0037892365362495,0.0003851281944662,SAM_SGD,0.311,0.5
312,0.99244964,1.994362473487854,0.0058795190416276,0.0003627327678259,SAM_SGD,0.312,0.5
313,0.9882863,1.9900952577590945,0.0079665137454867,0.0003492324030958,SAM_SGD,0.313,0.5
314,0.9841386,1.9858002662658687,0.010050150565803,0.0003445901093073,SAM_SGD,0.314,0.5
315,0.98000664,1.9814778566360476,0.0121303545311093,0.0003487672074697,SAM_SGD,0.315,0.5
316,0.97589046,1.977128863334656,0.0142070529982447,0.0003617242036852,SAM_SGD,0.316,0.5
317,0.97179025,1.972753643989563,0.0162801798433065,0.0003834203234873,SAM_SGD,0.317,0.5
318,0.96770614,1.968353033065796,0.018349664285779,0.000413813337218,SAM_SGD,0.318,0.5
319,0.963638,1.963927149772644,0.0204154327511787,0.0004528606077656,SAM_SGD,0.319,0.5
320,0.9595861,1.959476947784424,0.0224774219095706,0.0005005171988159,SAM_SGD,0.32,0.5
321,0.9555503,1.9550029039382932,0.0245355628430843,0.0005567380576394,SAM_SGD,0.321,0.5
322,0.9515311,1.9505057334899905,0.0265897884964942,0.0006214766181074,SAM_SGD,0.322,0.5
323,0.9475281,1.9459857940673828,0.0286400318145751,0.0006946853245608,SAM_SGD,0.323,0.5
324,0.94354177,1.9414438009262085,0.0306862294673919,0.0007763154571875,SAM_SGD,0.324,0.5
325,0.93957186,1.9368804693222048,0.0327283181250095,0.0008663174230605,SAM_SGD,0.325,0.5
326,0.9356187,1.93229615688324,0.0347662344574928,0.0009646406397223,SAM_SGD,0.326,0.5
327,0.9316821,1.9276916980743408,0.0367999151349067,0.0010712331859394,SAM_SGD,0.327,0.5
328,0.9277624,1.923067569732666,0.0388292968273162,0.0011860426748171,SAM_SGD,0.328,0.5
329,0.9238594,1.918424367904663,0.0408543236553669,0.0013090153224766,SAM_SGD,0.329,0.5
330,0.9199734,1.91376268863678,0.0428749322891235,0.0014400971122086,SAM_SGD,0.33,0.5
331,0.91610426,1.9090832471847532,0.0448910668492317,0.0015792319318279,SAM_SGD,0.331,0.5
332,0.9122521,1.9043865203857424,0.0469026677310466,0.0017263642512261,SAM_SGD,0.332,0.5
333,0.908417,1.899673342704773,0.0489096790552139,0.0018814364448189,SAM_SGD,0.333,0.5
334,0.90459895,1.8949439525604248,0.050912044942379,0.0020443911198526,SAM_SGD,0.334,0.5
335,0.90079796,1.8901991844177248,0.0529097132384777,0.0022151689045131,SAM_SGD,0.335,0.5
336,0.89701414,1.8854397535324097,0.0549026280641555,0.0023937115911394,SAM_SGD,0.336,0.5
337,0.8932476,1.8806661367416384,0.0568907372653484,0.0025799577124416,SAM_SGD,0.337,0.5
338,0.8894982,1.875878930091858,0.0588739924132823,0.0027738469652831,SAM_SGD,0.338,0.5
339,0.885766,1.871078610420227,0.0608523376286029,0.0029753185808658,SAM_SGD,0.339,0.5
340,0.8820512,1.8662660121917725,0.0628257319331169,0.0031843087635934,SAM_SGD,0.34,0.5
341,0.8783538,1.861441731452942,0.0647941157221794,0.0034007565118372,SAM_SGD,0.341,0.5
342,0.8746736,1.8566062450408936,0.0667574554681778,0.0036245959345251,SAM_SGD,0.342,0.5
343,0.8710109,1.8517601490020752,0.0687156915664672,0.0038557664956897,SAM_SGD,0.343,0.5
344,0.8673654,1.8469040393829343,0.0706687867641449,0.0040942002087831,SAM_SGD,0.344,0.5
345,0.86373746,1.8420382738113403,0.072616696357727,0.0043398346751928,SAM_SGD,0.345,0.5
346,0.8601269,1.837164044380188,0.0745593830943107,0.0045926021412014,SAM_SGD,0.346,0.5
347,0.8565337,1.832281351089477,0.0764967948198318,0.004852439276874,SAM_SGD,0.347,0.5
348,0.852958,1.8273911476135252,0.0784289017319679,0.00511927716434,SAM_SGD,0.348,0.5
349,0.8493997,1.8224936723709104,0.0803556591272354,0.0053930515423417,SAM_SGD,0.349,0.5
350,0.84585893,1.817589521408081,0.0822770297527313,0.0056736934930086,SAM_SGD,0.35,0.5
351,0.8423355,1.8126795291900637,0.0841929763555526,0.0059611350297927,SAM_SGD,0.351,0.5
352,0.8388296,1.8077640533447263,0.0861034616827964,0.0062553104944527,SAM_SGD,0.352,0.5
353,0.83534116,1.802843689918518,0.0880084559321403,0.006556149572134,SAM_SGD,0.353,0.5
354,0.83187,1.7979189157485962,0.0899079218506813,0.0068635866045951,SAM_SGD,0.354,0.5
355,0.82841635,1.7929903268814087,0.0918018221855163,0.0071775498799979,SAM_SGD,0.355,0.5
356,0.8249802,1.788058519363403,0.0936901345849037,0.0074979709461331,SAM_SGD,0.356,0.5
357,0.82156134,1.7831238508224487,0.0955728217959404,0.0078247832134366,SAM_SGD,0.357,0.5
358,0.81815994,1.7781870365142822,0.0974498614668846,0.0081579154357314,SAM_SGD,0.358,0.5
359,0.81477594,1.7732484340667725,0.0993212163448333,0.0084972996264696,SAM_SGD,0.359,0.5
360,0.8114092,1.768308401107788,0.1011868640780448,0.0088428640738129,SAM_SGD,0.36,0.5
361,0.8080599,1.763367772102356,0.1030467823147773,0.0091945426538586,SAM_SGD,0.361,0.5
362,0.8047279,1.7584270238876345,0.1049009412527084,0.0095522617921233,SAM_SGD,0.362,0.5
363,0.8014131,1.7534862756729126,0.1067493185400962,0.0099159562960267,SAM_SGD,0.363,0.5
364,0.7981157,1.7485463619232178,0.1085918992757797,0.0102855525910854,SAM_SGD,0.364,0.5
365,0.7948353,1.743607521057129,0.1104286536574363,0.0106609854847192,SAM_SGD,0.365,0.5
366,0.79157233,1.7386703491210938,0.1122595593333244,0.0110421814024448,SAM_SGD,0.366,0.5
367,0.78832644,1.733735203742981,0.1140846014022827,0.0114290732890367,SAM_SGD,0.367,0.5
368,0.78509766,1.7288026809692385,0.1159037575125694,0.0118215885013341,SAM_SGD,0.368,0.5
369,0.7818861,1.7238731384277344,0.1177170202136039,0.0122196609154343,SAM_SGD,0.369,0.5
370,0.7786914,1.7189468145370483,0.1195243597030639,0.0126232225447893,SAM_SGD,0.37,0.5
371,0.7755139,1.7140244245529177,0.1213257685303688,0.013032198883593,SAM_SGD,0.371,0.5
372,0.77235323,1.709106206893921,0.1231212243437767,0.0134465247392654,SAM_SGD,0.372,0.5
373,0.7692096,1.7041927576065063,0.1249107122421264,0.0138661302626132,SAM_SGD,0.373,0.5
374,0.7660828,1.699284315109253,0.1266942322254181,0.0142909446731209,SAM_SGD,0.374,0.5
375,0.76297295,1.6943813562393188,0.1284717768430709,0.0147209037095308,SAM_SGD,0.375,0.5
376,0.7598797,1.6894840002059937,0.1302433162927627,0.0151559421792626,SAM_SGD,0.376,0.5
377,0.75680333,1.6845930814743042,0.1320088505744934,0.0155959809198975,SAM_SGD,0.377,0.5
378,0.75374365,1.679708480834961,0.1337683796882629,0.0160409621894359,SAM_SGD,0.378,0.5
379,0.7507006,1.6748310327529907,0.1355218887329101,0.0164908170700073,SAM_SGD,0.379,0.5
380,0.7476741,1.6699607372283936,0.1372693628072738,0.0169454775750637,SAM_SGD,0.38,0.5
381,0.74466413,1.6650980710983276,0.139010801911354,0.0174048747867345,SAM_SGD,0.381,0.5
382,0.7416707,1.6602433919906616,0.1407462060451507,0.0178689416497945,SAM_SGD,0.382,0.5
383,0.7386936,1.6553969383239746,0.1424755603075027,0.0183376185595989,SAM_SGD,0.383,0.5
384,0.735733,1.6505593061447144,0.14419886469841,0.0188108328729867,SAM_SGD,0.384,0.5
385,0.73278856,1.6457303762435913,0.1459161192178726,0.0192885212600231,SAM_SGD,0.385,0.5
386,0.7298605,1.6409108638763428,0.1476273238658905,0.0197706166654825,SAM_SGD,0.386,0.5
387,0.7269485,1.6361006498336792,0.1493324637413025,0.0202570650726556,SAM_SGD,0.387,0.5
388,0.72405267,1.631300449371338,0.1510315537452697,0.0207477826625108,SAM_SGD,0.388,0.5
389,0.7211729,1.6265102624893188,0.1527245938777923,0.0212427228689193,SAM_SGD,0.389,0.5
390,0.71830904,1.6217304468154907,0.1544115841388702,0.0217418149113655,SAM_SGD,0.39,0.5
391,0.7154613,1.6169614791870115,0.1560925245285034,0.0222450047731399,SAM_SGD,0.391,0.5
392,0.7126292,1.6122031211853027,0.1577674150466919,0.0227522142231464,SAM_SGD,0.392,0.5
393,0.70981294,1.607456088066101,0.1594362556934356,0.0232633966952562,SAM_SGD,0.393,0.5
394,0.7070125,1.6027204990386963,0.1610990613698959,0.0237784758210182,SAM_SGD,0.394,0.5
395,0.7042276,1.5979965925216677,0.1627558320760727,0.0242974050343036,SAM_SGD,0.395,0.5
396,0.7014583,1.5932844877243042,0.1644065678119659,0.024820115417242,SAM_SGD,0.396,0.5
397,0.6987046,1.5885846614837646,0.1660512834787368,0.0253465473651886,SAM_SGD,0.397,0.5
398,0.69596624,1.5838968753814695,0.1676899790763855,0.0258766412734985,SAM_SGD,0.398,0.5
399,0.6932432,1.5792218446731567,0.1693226546049118,0.0264103412628173,SAM_SGD,0.399,0.5
400,0.69053555,1.5745595693588257,0.170949324965477,0.0269475802779197,SAM_SGD,0.4,0.5
401,0.6878431,1.5699102878570557,0.1725700050592422,0.0274883061647415,SAM_SGD,0.401,0.5
402,0.68516576,1.5652741193771362,0.1741846948862075,0.0280324630439281,SAM_SGD,0.402,0.5
403,0.6825036,1.5606513023376465,0.1757934093475341,0.0285799913108348,SAM_SGD,0.403,0.5
404,0.6798563,1.556041955947876,0.1773961633443832,0.0291308313608169,SAM_SGD,0.404,0.5
405,0.6772239,1.5514463186264038,0.1789929568767547,0.0296849347651004,SAM_SGD,0.405,0.5
406,0.67460644,1.5468642711639404,0.1805838048458099,0.0302422437816858,SAM_SGD,0.406,0.5
407,0.67200375,1.5422966480255127,0.1821687221527099,0.0308026894927024,SAM_SGD,0.407,0.5
408,0.6694157,1.5377429723739624,0.183747723698616,0.0313662439584732,SAM_SGD,0.408,0.5
409,0.66684234,1.5332038402557373,0.1853208094835281,0.0319328270852565,SAM_SGD,0.409,0.5
410,0.66428345,1.5286788940429688,0.1868880242109298,0.0325024016201496,SAM_SGD,0.41,0.5
411,0.661739,1.524168610572815,0.1884493380784988,0.0330749228596687,SAM_SGD,0.411,0.5
412,0.659209,1.519673228263855,0.1900047808885574,0.0336502976715564,SAM_SGD,0.412,0.5
413,0.6566933,1.515192627906799,0.191554382443428,0.0342285260558128,SAM_SGD,0.413,0.5
414,0.6541918,1.510727047920227,0.1930981427431106,0.0348095186054706,SAM_SGD,0.414,0.5
415,0.6517044,1.506276249885559,0.1946360766887664,0.0353932455182075,SAM_SGD,0.415,0.5
416,0.649231,1.5018409490585327,0.1961681991815567,0.0359796471893787,SAM_SGD,0.416,0.5
417,0.6467717,1.4974210262298584,0.1976945400238037,0.03656867146492,SAM_SGD,0.417,0.5
418,0.64432627,1.493016242980957,0.1992150992155075,0.0371602848172187,SAM_SGD,0.418,0.5
419,0.6418947,1.488627314567566,0.2007298916578292,0.0377544164657592,SAM_SGD,0.419,0.5
420,0.6394769,1.4842537641525269,0.2022389471530914,0.0383510328829288,SAM_SGD,0.42,0.5
421,0.6370728,1.4798961877822876,0.2037422806024551,0.0389500819146633,SAM_SGD,0.421,0.5
422,0.6346822,1.47555410861969,0.2052399069070816,0.0395515225827693,SAM_SGD,0.422,0.5
423,0.63230515,1.471228003501892,0.206731840968132,0.0401552990078926,SAM_SGD,0.423,0.5
424,0.6299414,1.4669177532196045,0.2082180976867675,0.0407613739371299,SAM_SGD,0.424,0.5
425,0.62759113,1.4626235961914062,0.2096987217664718,0.041369691491127,SAM_SGD,0.425,0.5
426,0.6252541,1.4583451747894287,0.2111736834049224,0.0419802330434322,SAM_SGD,0.426,0.5
427,0.62293035,1.4540833234786987,0.2126430571079254,0.0425929017364978,SAM_SGD,0.427,0.5
428,0.6206196,1.449837327003479,0.2141068279743194,0.0432077310979366,SAM_SGD,0.428,0.5
429,0.6183219,1.4456077814102173,0.215565025806427,0.0438245981931686,SAM_SGD,0.429,0.5
430,0.61603713,1.4413942098617554,0.2170176655054092,0.0444435216486454,SAM_SGD,0.43,0.5
431,0.6137653,1.4371973276138306,0.2184647619724273,0.0450644120573997,SAM_SGD,0.431,0.5
432,0.6115062,1.4330165386199951,0.2199063599109649,0.0456872656941413,SAM_SGD,0.432,0.5
433,0.60925984,1.428852081298828,0.221342459321022,0.0463120266795158,SAM_SGD,0.433,0.5
434,0.60702604,1.4247041940689087,0.2227730900049209,0.0469386540353298,SAM_SGD,0.434,0.5
435,0.6048049,1.4205727577209473,0.2241982668638229,0.04756710678339,SAM_SGD,0.435,0.5
436,0.6025961,1.4164576530456543,0.2256180047988891,0.0481973476707935,SAM_SGD,0.436,0.5
437,0.6003998,1.412359356880188,0.227032333612442,0.048829335719347,SAM_SGD,0.437,0.5
438,0.5982158,1.40827739238739,0.2284412682056427,0.0494630262255668,SAM_SGD,0.438,0.5
439,0.59604406,1.4042119979858398,0.2298448383808136,0.0500983968377113,SAM_SGD,0.439,0.5
440,0.5938844,1.4001630544662476,0.2312430590391159,0.0507353991270065,SAM_SGD,0.44,0.5
441,0.59173685,1.396130919456482,0.232635959982872,0.0513739958405494,SAM_SGD,0.441,0.5
442,0.5896013,1.3921151161193848,0.2340235561132431,0.052014160901308,SAM_SGD,0.442,0.5
443,0.5874777,1.3881160020828247,0.2354058772325515,0.0526558421552181,SAM_SGD,0.443,0.5
444,0.585366,1.3841334581375122,0.2367829382419586,0.0532990284264087,SAM_SGD,0.444,0.5
445,0.583266,1.3801676034927368,0.2381547689437866,0.0539436414837837,SAM_SGD,0.445,0.5
446,0.5811777,1.3762179613113403,0.2395213693380355,0.0545897148549556,SAM_SGD,0.446,0.5
447,0.57910097,1.3722853660583496,0.2408827990293502,0.0552371218800544,SAM_SGD,0.447,0.5
448,0.57703584,1.3683688640594482,0.2422390282154083,0.0558859482407569,SAM_SGD,0.448,0.5
449,0.5749823,1.3644695281982422,0.2435901463031768,0.0565360039472579,SAM_SGD,0.449,0.5
450,0.57294,1.3605860471725464,0.2449360936880111,0.0571874566376209,SAM_SGD,0.45,0.5
451,0.57090896,1.3567198514938354,0.2462770193815231,0.057840023189783,SAM_SGD,0.451,0.5
452,0.56888926,1.352868914604187,0.2476127594709396,0.0584940202534198,SAM_SGD,0.452,0.5
453,0.5668807,1.349036455154419,0.2489435672760009,0.0591489002108573,SAM_SGD,0.453,0.5
454,0.5648833,1.3452178239822388,0.2502691745758056,0.0598053634166717,SAM_SGD,0.454,0.5
455,0.5628968,1.341419339179993,0.2515900135040283,0.0604623742401599,SAM_SGD,0.455,0.5
456,0.5609213,1.3376320600509644,0.2529055178165436,0.0611212998628616,SAM_SGD,0.456,0.5
457,0.55895674,1.3338685035705566,0.2542165517807007,0.0617801286280155,SAM_SGD,0.457,0.5
458,0.55700284,1.330110788345337,0.2555219233036041,0.0624416843056678,SAM_SGD,0.458,0.5
459,0.5550598,1.326384663581848,0.2568234205245971,0.0631017982959747,SAM_SGD,0.459,0.5
460,0.55312735,1.322652816772461,0.2581184804439544,0.0637665018439292,SAM_SGD,0.46,0.5
461,0.55120534,1.318969488143921,0.2594110071659088,0.0644267797470092,SAM_SGD,0.461,0.5
462,0.54929423,1.3152544498443604,0.2606951296329498,0.0650961324572563,SAM_SGD,0.462,0.5
463,0.547393,1.311628341674805,0.261979877948761,0.0657539442181587,SAM_SGD,0.463,0.5
464,0.54550284,1.3079073429107666,0.263251394033432,0.0664318278431892,SAM_SGD,0.464,0.5
465,0.54362184,1.3043744564056396,0.2645313441753387,0.0670806542038917,SAM_SGD,0.465,0.5
466,0.5417529,1.3005921840667725,0.2657855749130249,0.0677773728966713,SAM_SGD,0.466,0.5
467,0.5398914,1.2972495555877686,0.2670686244964599,0.0683999806642532,SAM_SGD,0.467,0.5
468,0.5380444,1.293263554573059,0.2682926654815674,0.0691438466310501,SAM_SGD,0.468,0.5
469,0.5362005,1.2903952598571775,0.2696007192134857,0.0696926116943359,SAM_SGD,0.469,0.5
470,0.53437823,1.285863995552063,0.2707574367523193,0.0705637112259864,SAM_SGD,0.47,0.5
471,0.5325487,1.2844233512878418,0.2721537351608276,0.0709019377827644,SAM_SGD,0.471,0.5
472,0.5307624,1.2788050174713137,0.2731325328350067,0.0721344426274299,SAM_SGD,0.472,0.5
473,0.52894485,1.2828855514526367,0.2748043835163116,0.0718572959303855,SAM_SGD,0.473,0.5
474,0.5272484,1.2783974409103394,0.2752666473388672,0.0741457119584083,SAM_SGD,0.474,0.5
475,0.52550286,1.3113937377929688,0.2777471244335174,0.0720866248011589,SAM_SGD,0.475,0.5
476,0.52420634,1.3423930406570437,0.2767553329467773,0.0771955773234367,SAM_SGD,0.476,0.5
477,0.5231191,1.5179229974746704,0.2809947431087494,0.0712610781192779,SAM_SGD,0.477,0.5
478,0.52289283,1.6425378322601318,0.2777172327041626,0.0802732184529304,SAM_SGD,0.478,0.5
479,0.52268237,1.9012423753738403,0.2832836806774139,0.0715380832552909,SAM_SGD,0.479,0.5
480,0.52127135,1.7985637187957764,0.2792948782444,0.0815925449132919,SAM_SGD,0.48,0.5
481,0.52070254,1.976890206336975,0.2850726842880249,0.0724753439426422,SAM_SGD,0.481,0.5
482,0.51884943,1.8094234466552732,0.2809754610061645,0.082631692290306,SAM_SGD,0.482,0.5
483,0.5183538,1.9933569431304927,0.2868325412273407,0.0734082758426666,SAM_SGD,0.483,0.5
484,0.51646596,1.819552302360535,0.2826309502124786,0.0836599171161651,SAM_SGD,0.484,0.5
485,0.516047,2.009632110595703,0.2885657250881195,0.0743342190980911,SAM_SGD,0.485,0.5
486,0.5141238,1.829553723335266,0.284261554479599,0.0846780091524124,SAM_SGD,0.486,0.5
487,0.5137818,2.025863647460937,0.2902728319168091,0.0752531439065933,SAM_SGD,0.487,0.5
488,0.511822,1.8394309282302856,0.285867840051651,0.0856861174106597,SAM_SGD,0.488,0.5
489,0.51155746,2.042052984237671,0.2919544279575348,0.076165035367012,SAM_SGD,0.489,0.5
490,0.50955933,1.8491817712783811,0.2874503433704376,0.0866843536496162,SAM_SGD,0.49,0.5
491,0.50937265,2.0581932067871094,0.2936111092567444,0.077069878578186,SAM_SGD,0.491,0.5
492,0.5073348,1.8588099479675293,0.2890095710754394,0.0876728743314743,SAM_SGD,0.492,0.5
493,0.50722665,2.074290990829468,0.2952434122562408,0.0779676735401153,SAM_SGD,0.493,0.5
494,0.50514776,1.8683143854141235,0.2905460298061371,0.0886517912149429,SAM_SGD,0.494,0.5
495,0.5051182,2.090341329574585,0.2968518733978271,0.0788584053516388,SAM_SGD,0.495,0.5
496,0.5029969,1.877700686454773,0.2920601963996887,0.0896212384104728,SAM_SGD,0.496,0.5
497,0.50304675,2.1063473224639893,0.2984369993209839,0.0797420889139175,SAM_SGD,0.497,0.5
498,0.5008816,1.8869669437408447,0.2935525774955749,0.090581327676773,SAM_SGD,0.498,0.5
499,0.5010112,2.122302532196045,0.2999992966651916,0.0806187316775322,SAM_SGD,0.499,0.5
500,0.49880102,1.8961153030395508,0.2950235903263092,0.0915321856737136,SAM_SGD,0.5,0.5
501,0.49901074,2.138213396072388,0.3015392422676086,0.0814883410930633,SAM_SGD,0.501,0.5
502,0.4967542,1.905147910118103,0.2964736819267273,0.0924739092588424,SAM_SGD,0.502,0.5
503,0.4970444,2.1540749073028564,0.303057312965393,0.0823509246110916,SAM_SGD,0.503,0.5
504,0.49474043,1.914067029953003,0.2979033291339874,0.0934066176414489,SAM_SGD,0.504,0.5
505,0.49511155,2.169883966445923,0.3045539855957031,0.0832065269351005,SAM_SGD,0.505,0.5
506,0.49275893,1.9228744506835935,0.2993129193782806,0.0943304300308227,SAM_SGD,0.506,0.5
507,0.4932112,2.185642957687378,0.3060296773910522,0.0840551555156707,SAM_SGD,0.507,0.5
508,0.4908089,1.9315712451934812,0.3007028698921203,0.0952454581856727,SAM_SGD,0.508,0.5
509,0.49134284,2.2013537883758545,0.3074848651885986,0.0848968550562858,SAM_SGD,0.509,0.5
510,0.48888963,1.940160632133484,0.30207359790802,0.0961518064141273,SAM_SGD,0.51,0.5
511,0.48950553,2.217010021209717,0.3089199364185333,0.085731640458107,SAM_SGD,0.511,0.5
512,0.48700047,1.9486429691314695,0.3034254610538482,0.0970495790243148,SAM_SGD,0.512,0.5
513,0.48769873,2.2326176166534424,0.3103352785110473,0.0865595489740371,SAM_SGD,0.513,0.5
514,0.48514065,1.9570167064666748,0.3047588467597961,0.0979388505220413,SAM_SGD,0.514,0.5
515,0.48592153,2.248167037963867,0.3117313086986542,0.0873805955052375,SAM_SGD,0.515,0.5
516,0.48330957,1.9652905464172363,0.3060741126537323,0.0988197475671768,SAM_SGD,0.516,0.5
517,0.48417342,2.2636637687683105,0.3131083846092224,0.0881948471069336,SAM_SGD,0.517,0.5
518,0.48150662,1.9734563827514648,0.3073716163635254,0.0996923446655273,SAM_SGD,0.518,0.5
519,0.48245373,2.279103994369507,0.3144669234752655,0.0890023112297058,SAM_SGD,0.519,0.5
520,0.4797311,1.9815267324447632,0.308651715517044,0.100556768476963,SAM_SGD,0.52,0.5
521,0.48076186,2.294489860534668,0.3158072531223297,0.0898030549287796,SAM_SGD,0.521,0.5
522,0.47798258,1.9894943237304688,0.3099147379398346,0.1014130860567092,SAM_SGD,0.522,0.5
523,0.47909704,2.309814929962158,0.3171297609806061,0.0905971080064773,SAM_SGD,0.523,0.5
524,0.47626022,1.9973647594451904,0.3111610114574432,0.1022614166140556,SAM_SGD,0.524,0.5
525,0.47745872,2.325086832046509,0.3184347748756408,0.0913845002651214,SAM_SGD,0.525,0.5
526,0.4745636,2.005143165588379,0.3123908638954162,0.103101834654808,SAM_SGD,0.526,0.5
527,0.4758465,2.3402974605560303,0.3197225928306579,0.0921652987599372,SAM_SGD,0.527,0.5
528,0.47289217,2.012821674346924,0.3136045932769775,0.103934422135353,SAM_SGD,0.528,0.5
529,0.47425964,2.3554482460021973,0.3209936022758484,0.092939518392086,SAM_SGD,0.529,0.5
530,0.47124538,2.0204126834869385,0.3148025274276733,0.1047592908143997,SAM_SGD,0.53,0.5
531,0.47269762,2.370537757873535,0.322248101234436,0.0937072485685348,SAM_SGD,0.531,0.5
532,0.46962267,2.0279078483581543,0.3159849345684051,0.1055765226483345,SAM_SGD,0.532,0.5
533,0.4711599,2.3855690956115723,0.3234863877296448,0.0944684818387031,SAM_SGD,0.533,0.5
534,0.46802363,2.035318374633789,0.3171521127223968,0.1063861921429634,SAM_SGD,0.534,0.5
535,0.46964607,2.400538206100464,0.3247087597846985,0.0952233076095581,SAM_SGD,0.535,0.5
536,0.46644774,2.042637586593628,0.3183043301105499,0.1071883887052536,SAM_SGD,0.536,0.5
537,0.4681556,2.41544508934021,0.3259154856204986,0.0959717407822609,SAM_SGD,0.537,0.5
538,0.46489447,2.049867391586304,0.3194418549537658,0.1079831793904304,SAM_SGD,0.538,0.5
539,0.46668783,2.430286407470703,0.3271068930625915,0.0967138409614563,SAM_SGD,0.539,0.5
540,0.4633634,2.057015895843506,0.3205649554729461,0.1087706759572029,SAM_SGD,0.54,0.5
541,0.4652425,2.4450695514678955,0.3282832503318786,0.0974496528506279,SAM_SGD,0.541,0.5
542,0.46185413,2.0640814304351807,0.3216739296913147,0.1095509305596351,SAM_SGD,0.542,0.5
543,0.46381903,2.459779500961304,0.3294447958469391,0.0981792360544204,SAM_SGD,0.543,0.5
544,0.4603662,2.0710599422454834,0.3227689564228058,0.1103240400552749,SAM_SGD,0.544,0.5
545,0.4624171,2.4744319915771484,0.3305917978286743,0.0989026129245758,SAM_SGD,0.545,0.5
546,0.45889905,2.0779576301574707,0.3238503336906433,0.111090064048767,SAM_SGD,0.546,0.5
547,0.46103606,2.489014148712158,0.3317245841026306,0.0996198654174804,SAM_SGD,0.547,0.5
548,0.45745245,2.08478045463562,0.3249182999134063,0.1118491142988205,SAM_SGD,0.548,0.5
549,0.4596757,2.5035319328308105,0.3328433036804199,0.1003310233354568,SAM_SGD,0.549,0.5
550,0.45602593,2.091517686843872,0.3259730637073517,0.1126012280583381,SAM_SGD,0.55,0.5
551,0.45833546,2.517982721328736,0.3339483141899109,0.1010361239314079,SAM_SGD,0.551,0.5
552,0.4546191,2.098189353942871,0.3270148932933807,0.113346517086029,SAM_SGD,0.552,0.5
553,0.45701486,2.532365083694458,0.3350397646427154,0.1017352417111396,SAM_SGD,0.553,0.5
554,0.4532316,2.104780912399292,0.3280439674854278,0.1140850335359573,SAM_SGD,0.554,0.5
555,0.45571387,2.546682357788086,0.3361178934574127,0.1024284213781356,SAM_SGD,0.555,0.5
556,0.45186302,2.1112923622131348,0.3290604948997497,0.1148168444633483,SAM_SGD,0.556,0.5
557,0.4544318,2.56093430519104,0.3371829390525818,0.1031156778335571,SAM_SGD,0.557,0.5
558,0.45051304,2.1177353858947754,0.3300647139549255,0.1155420094728469,SAM_SGD,0.558,0.5
559,0.45316836,2.5751118659973145,0.3382351398468017,0.1037970930337905,SAM_SGD,0.559,0.5
560,0.4491813,2.124106168746948,0.3310568630695343,0.1162606328725814,SAM_SGD,0.56,0.5
561,0.4519232,2.5892202854156494,0.3392747044563293,0.1044727116823196,SAM_SGD,0.561,0.5
562,0.44786742,2.130406141281128,0.332037091255188,0.1169727742671966,SAM_SGD,0.562,0.5
563,0.45069584,2.6032607555389404,0.3403018414974212,0.1051425635814666,SAM_SGD,0.563,0.5
564,0.4465711,2.13663911819458,0.3330056071281433,0.1176784858107566,SAM_SGD,0.564,0.5
565,0.44948617,2.6172313690185547,0.3413167297840118,0.105806715786457,SAM_SGD,0.565,0.5
566,0.44529215,2.142798900604248,0.3339625895023346,0.1183778345584869,SAM_SGD,0.566,0.5
567,0.44829378,2.631132125854492,0.3423195779323578,0.1064651980996131,SAM_SGD,0.567,0.5
568,0.44402996,2.148893356323242,0.3349082469940185,0.1190708950161933,SAM_SGD,0.568,0.5
569,0.44711822,2.644960641860962,0.3433106243610382,0.1071180701255798,SAM_SGD,0.569,0.5
570,0.44278458,2.1549251079559326,0.3358427584171295,0.119757741689682,SAM_SGD,0.57,0.5
571,0.44595933,2.6587204933166504,0.344290018081665,0.1077653691172599,SAM_SGD,0.571,0.5
572,0.44155538,2.160890817642212,0.3367663025856018,0.1204384192824363,SAM_SGD,0.572,0.5
573,0.44481665,2.6724066734313965,0.3452579379081726,0.1084071546792984,SAM_SGD,0.573,0.5
574,0.44034228,2.166790246963501,0.3376790583133697,0.1211130023002624,SAM_SGD,0.574,0.5
575,0.44368997,2.686020851135254,0.34621462225914,0.109043464064598,SAM_SGD,0.575,0.5
576,0.4391449,2.1726326942443848,0.3385812044143677,0.1217815577983856,SAM_SGD,0.576,0.5
577,0.44257894,2.699562788009644,0.3471601903438568,0.1096743643283844,SAM_SGD,0.577,0.5
578,0.43796298,2.178405523300171,0.3394728600978851,0.12244413793087,SAM_SGD,0.578,0.5
579,0.4414834,2.713035821914673,0.3480948507785797,0.1102998703718185,SAM_SGD,0.579,0.5
580,0.4367964,2.1841228008270264,0.3403542637825012,0.1231008097529411,SAM_SGD,0.58,0.5
581,0.44040295,2.7264323234558105,0.3490187525749206,0.1109200417995452,SAM_SGD,0.581,0.5
582,0.43564463,2.1897804737091064,0.3412255048751831,0.123751625418663,SAM_SGD,0.582,0.5
583,0.43933737,2.7397589683532715,0.3499320745468139,0.1115349307656288,SAM_SGD,0.583,0.5
584,0.43450755,2.195379734039306,0.3420867919921875,0.1243966519832611,SAM_SGD,0.584,0.5
585,0.43828633,2.753009080886841,0.3508349955081939,0.1121445745229721,SAM_SGD,0.585,0.5
586,0.43338495,2.20092248916626,0.3429382443428039,0.1250359565019607,SAM_SGD,0.586,0.5
587,0.43724963,2.76619029045105,0.3517276346683502,0.1127490401268005,SAM_SGD,0.587,0.5
588,0.43227646,2.2064027786254883,0.3437800109386444,0.1256695836782455,SAM_SGD,0.588,0.5
589,0.436227,2.7793006896972656,0.352610170841217,0.1133483424782753,SAM_SGD,0.589,0.5
590,0.4311819,2.2118287086486816,0.3446122705936432,0.1262975931167602,SAM_SGD,0.59,0.5
591,0.43521824,2.792332887649536,0.3534827828407287,0.1139425411820411,SAM_SGD,0.591,0.5
592,0.4301011,2.217204093933105,0.3454351425170898,0.1269200295209884,SAM_SGD,0.592,0.5
593,0.43422294,2.8052914142608643,0.3543455600738525,0.1145316660404205,SAM_SGD,0.593,0.5
594,0.4290338,2.2225213050842285,0.3462487757205963,0.1275369524955749,SAM_SGD,0.594,0.5
595,0.433241,2.8181731700897217,0.3551987111568451,0.1151157692074775,SAM_SGD,0.595,0.5
596,0.42797968,2.227790117263794,0.3470532894134521,0.1281484514474868,SAM_SGD,0.596,0.5
597,0.4322722,2.830988883972168,0.3560423254966736,0.1156949177384376,SAM_SGD,0.597,0.5
598,0.42693868,2.2329986095428467,0.3478488326072693,0.1287545263767242,SAM_SGD,0.598,0.5
599,0.43131626,2.8437271118164062,0.3568765819072723,0.1162691116333007,SAM_SGD,0.599,0.5
600,0.42591044,2.2381649017333984,0.3486355543136596,0.1293552666902542,SAM_SGD,0.6,0.5
601,0.43037292,2.8563876152038574,0.3577015995979309,0.1168384253978729,SAM_SGD,0.601,0.5
602,0.4248949,2.2432751655578613,0.3494135439395904,0.1299507170915603,SAM_SGD,0.602,0.5
603,0.42944214,2.868979454040528,0.3585175275802612,0.117402896285057,SAM_SGD,0.603,0.5
604,0.42389175,2.248339891433716,0.3501829504966736,0.1305409371852874,SAM_SGD,0.604,0.5
605,0.42852348,2.8814985752105717,0.3593244552612304,0.1179625615477562,SAM_SGD,0.605,0.5
606,0.42290074,2.2533462047576904,0.3509438931941986,0.1311259418725967,SAM_SGD,0.606,0.5
607,0.42761683,2.893938541412353,0.3601225614547729,0.1185174658894538,SAM_SGD,0.607,0.5
608,0.42192182,2.258310079574585,0.3516965210437774,0.1317058503627777,SAM_SGD,0.608,0.5
609,0.4267221,2.9063093662261963,0.3609119951725006,0.1190676540136337,SAM_SGD,0.609,0.5
610,0.42095473,2.263230323791504,0.3524409234523773,0.1322806477546692,SAM_SGD,0.61,0.5
611,0.42583883,2.9186010360717773,0.3616928160190582,0.1196131557226181,SAM_SGD,0.611,0.5
612,0.41999924,2.268099784851074,0.3531772196292877,0.1328504234552383,SAM_SGD,0.612,0.5
613,0.42496714,2.9308230876922607,0.3624652028083801,0.1201540306210517,SAM_SGD,0.613,0.5
614,0.41905516,2.272927761077881,0.3539055585861206,0.1334152072668075,SAM_SGD,0.614,0.5
615,0.42410648,2.9429640769958496,0.3632291853427887,0.1206903159618377,SAM_SGD,0.615,0.5
616,0.4181224,2.277701139450073,0.3546259701251983,0.1339750587940216,SAM_SGD,0.616,0.5
617,0.4232571,2.9550440311431885,0.3639849722385406,0.1212220340967178,SAM_SGD,0.617,0.5
618,0.4172007,2.282434463500977,0.3553386330604553,0.1345300078392028,SAM_SGD,0.618,0.5
619,0.42241845,2.967041492462158,0.3647326231002807,0.1217492371797561,SAM_SGD,0.619,0.5
620,0.41628996,2.2871224880218506,0.3560436367988586,0.1350801140069961,SAM_SGD,0.62,0.5
621,0.42159048,2.978965997695923,0.3654722869396209,0.1222719624638557,SAM_SGD,0.621,0.5
622,0.41538993,2.2917654514312744,0.3567410707473755,0.135625422000885,SAM_SGD,0.622,0.5
623,0.4207731,2.990820407867432,0.366204023361206,0.1227902472019195,SAM_SGD,0.623,0.5
624,0.41450056,2.296364545822144,0.3574310541152954,0.1361659616231918,SAM_SGD,0.624,0.5
625,0.41996598,3.002596616744995,0.3669279813766479,0.1233041137456893,SAM_SGD,0.625,0.5
626,0.41362166,2.3009274005889893,0.3581137061119079,0.1367017924785614,SAM_SGD,0.626,0.5
627,0.419169,3.014294385910034,0.3676442801952362,0.1238136291503906,SAM_SGD,0.627,0.5
628,0.41275302,2.3054487705230717,0.3587890863418579,0.1372329890727996,SAM_SGD,0.628,0.5
629,0.41838217,3.025929927825928,0.3683529794216156,0.1243188381195068,SAM_SGD,0.629,0.5
630,0.41189444,2.3099207878112797,0.3594573140144348,0.1377595514059066,SAM_SGD,0.63,0.5
631,0.41760516,3.0374889373779297,0.3690541982650757,0.1248197481036186,SAM_SGD,0.631,0.5
632,0.41104588,2.314351797103882,0.3601185083389282,0.1382815241813659,SAM_SGD,0.632,0.5
633,0.41683775,3.0489673614501958,0.3697480857372284,0.1253164112567901,SAM_SGD,0.633,0.5
634,0.41020715,2.318756103515625,0.3607727289199829,0.1387989968061447,SAM_SGD,0.634,0.5
635,0.41607997,3.0603816509246826,0.3704346716403961,0.1258088797330856,SAM_SGD,0.635,0.5
636,0.4093781,2.323107957839966,0.3614200949668884,0.1393119692802429,SAM_SGD,0.636,0.5
637,0.4153315,3.071717500686645,0.3711140751838684,0.1262971609830856,SAM_SGD,0.637,0.5
638,0.40855855,2.3274245262146,0.3620606660842895,0.1398205012083053,SAM_SGD,0.638,0.5
639,0.4145924,3.082984447479248,0.3717863857746124,0.1267813146114349,SAM_SGD,0.639,0.5
640,0.40774846,2.331703424453736,0.3626945316791534,0.1403246372938156,SAM_SGD,0.64,0.5
641,0.41386244,3.0941858291625977,0.3724517226219177,0.1272613704204559,SAM_SGD,0.641,0.5
642,0.40694752,2.335943460464477,0.363321840763092,0.140824407339096,SAM_SGD,0.642,0.5
643,0.41314125,3.1053032875061035,0.3731101751327514,0.127737358212471,SAM_SGD,0.643,0.5
644,0.40615577,2.340150594711304,0.3639426231384277,0.1413198560476303,SAM_SGD,0.644,0.5
645,0.41242892,3.1163504123687744,0.3737618029117584,0.1282093077898025,SAM_SGD,0.645,0.5
646,0.40537304,2.34431791305542,0.3645569682121277,0.1418110132217407,SAM_SGD,0.646,0.5
647,0.41172528,3.1273231506347656,0.3744066953659057,0.1286772787570953,SAM_SGD,0.647,0.5
648,0.40459913,2.3484487533569336,0.365164965391159,0.1422979533672332,SAM_SGD,0.648,0.5
649,0.4110302,3.1382312774658203,0.3750449419021606,0.1291412860155105,SAM_SGD,0.649,0.5
650,0.40383393,2.3525383472442627,0.365766704082489,0.1427806764841079,SAM_SGD,0.65,0.5
651,0.4103436,3.149064302444458,0.3756766617298126,0.1296013742685318,SAM_SGD,0.651,0.5
652,0.4030774,2.356597423553467,0.3663622438907623,0.1432592421770095,SAM_SGD,0.652,0.5
653,0.4096653,3.15982437133789,0.3763019144535064,0.1300575733184814,SAM_SGD,0.653,0.5
654,0.40232933,2.360621213912964,0.3669517040252685,0.1437336951494217,SAM_SGD,0.654,0.5
655,0.40899503,3.170515298843384,0.3769207894802093,0.130509927868843,SAM_SGD,0.655,0.5
656,0.40158954,2.364610433578491,0.3675351142883301,0.1442040652036667,SAM_SGD,0.656,0.5
657,0.4083329,3.1811363697052,0.377533346414566,0.1309584379196167,SAM_SGD,0.657,0.5
658,0.40085816,2.3685672283172607,0.3681125938892364,0.1446703821420669,SAM_SGD,0.658,0.5
659,0.40767872,3.191683530807495,0.3781397044658661,0.1314031779766082,SAM_SGD,0.659,0.5
660,0.4001348,2.3724915981292725,0.36868417263031,0.145132690668106,SAM_SGD,0.66,0.5
661,0.40703225,3.202162981033325,0.3787398636341095,0.131844162940979,SAM_SGD,0.661,0.5
662,0.39941955,2.376373052597046,0.369249939918518,0.1455910205841064,SAM_SGD,0.662,0.5
663,0.40639356,3.212571859359741,0.3793339729309082,0.13228140771389,SAM_SGD,0.663,0.5
664,0.39871216,2.3802313804626465,0.3698099851608276,0.1460454314947128,SAM_SGD,0.664,0.5
665,0.40576243,3.222911834716797,0.379922091960907,0.1327149868011474,SAM_SGD,0.665,0.5
666,0.39801255,2.384049892425537,0.3703643679618835,0.1464959383010864,SAM_SGD,0.666,0.5
667,0.4051388,3.2331838607788086,0.3805042803287506,0.1331449002027511,SAM_SGD,0.667,0.5
668,0.39732072,2.3878374099731445,0.3709131777286529,0.1469425708055496,SAM_SGD,0.668,0.5
669,0.40452242,3.243379592895508,0.3810806572437286,0.1335711777210235,SAM_SGD,0.669,0.5
670,0.39663646,2.391601324081421,0.3714564740657806,0.1473853886127472,SAM_SGD,0.67,0.5
671,0.40391323,3.253506183624268,0.3816512525081634,0.1339938789606094,SAM_SGD,0.671,0.5
672,0.39595953,2.395327568054199,0.3719943165779114,0.1478244215250015,SAM_SGD,0.672,0.5
673,0.4033113,3.263566732406616,0.3822161257266998,0.1344130188226699,SAM_SGD,0.673,0.5
674,0.3952902,2.3990225791931152,0.3725267350673675,0.148259699344635,SAM_SGD,0.674,0.5
675,0.4027164,3.273563861846924,0.3827753663063049,0.1348286271095276,SAM_SGD,0.675,0.5
676,0.394628,2.40268611907959,0.3730538785457611,0.14869125187397,SAM_SGD,0.676,0.5
677,0.40212834,3.2834837436676025,0.3833290636539459,0.1352407485246658,SAM_SGD,0.677,0.5
678,0.39397308,2.406321287155152,0.373575747013092,0.1491191238164901,SAM_SGD,0.678,0.5
679,0.40154725,3.293343544006348,0.3838772475719452,0.1356493830680847,SAM_SGD,0.679,0.5
680,0.39332512,2.4099278450012207,0.3740924298763275,0.1495433300733566,SAM_SGD,0.68,0.5
681,0.40097275,3.303128480911255,0.3844200074672699,0.136054590344429,SAM_SGD,0.681,0.5
682,0.39268428,2.413505792617798,0.3746039867401123,0.1499639302492141,SAM_SGD,0.682,0.5
683,0.400405,3.312849283218384,0.3849573731422424,0.1364563852548599,SAM_SGD,0.683,0.5
684,0.39205033,2.4170472621917725,0.3751104474067688,0.1503809243440628,SAM_SGD,0.684,0.5
685,0.39984378,3.322505235671997,0.3854894340038299,0.1368547976016998,SAM_SGD,0.685,0.5
686,0.3914231,2.4205596446990967,0.3756119012832641,0.1507943719625473,SAM_SGD,0.686,0.5
687,0.39928907,3.3320963382720947,0.3860162794589996,0.1372498571872711,SAM_SGD,0.687,0.5
688,0.39080277,2.4240529537200928,0.3761084377765655,0.1512042880058288,SAM_SGD,0.688,0.5
689,0.3987406,3.341611385345459,0.3865379393100738,0.1376416087150573,SAM_SGD,0.689,0.5
690,0.39018896,2.4275095462799072,0.376600056886673,0.1516107320785522,SAM_SGD,0.69,0.5
691,0.3981985,3.351071357727051,0.3870544731616974,0.1380300670862198,SAM_SGD,0.691,0.5
692,0.38958168,2.4309396743774414,0.377086877822876,0.1520137041807174,SAM_SGD,0.692,0.5
693,0.3976624,3.36045503616333,0.3875659704208374,0.1384152621030807,SAM_SGD,0.693,0.5
694,0.38898084,2.4343466758728027,0.3775689005851745,0.1524132490158081,SAM_SGD,0.694,0.5
695,0.39713252,3.3697760105133057,0.3880724608898163,0.1387972235679626,SAM_SGD,0.695,0.5
696,0.3883864,2.437723398208618,0.3780462145805359,0.1528094112873077,SAM_SGD,0.696,0.5
697,0.39660865,3.379034280776977,0.3885740041732788,0.1391759812831878,SAM_SGD,0.697,0.5
698,0.38779828,2.4410691261291504,0.3785188496112823,0.1532021909952163,SAM_SGD,0.698,0.5
699,0.39609075,3.3882293701171875,0.3890706598758697,0.1395515650510788,SAM_SGD,0.699,0.5
700,0.38721636,2.4443881511688232,0.3789868950843811,0.1535916477441787,SAM_SGD,0.7,0.5
701,0.3955786,3.3973538875579834,0.3895625174045563,0.1399239897727966,SAM_SGD,0.701,0.5
702,0.3866406,2.4476864337921143,0.3794503808021545,0.1539777964353561,SAM_SGD,0.702,0.5
703,0.39507225,3.406418561935425,0.3900496065616607,0.1402933001518249,SAM_SGD,0.703,0.5
704,0.38607088,2.4509572982788086,0.3799093663692474,0.1543606668710708,SAM_SGD,0.704,0.5
705,0.39457154,3.4154155254364014,0.3905319571495056,0.1406595110893249,SAM_SGD,0.705,0.5
706,0.38550702,2.4541964530944824,0.3803638815879822,0.1547402888536453,SAM_SGD,0.706,0.5
707,0.39407653,3.424351930618286,0.391009658575058,0.141022652387619,SAM_SGD,0.707,0.5
708,0.38494915,2.457415103912353,0.3808140158653259,0.1551166921854019,SAM_SGD,0.708,0.5
709,0.393587,3.433224439620972,0.3914827406406402,0.1413827389478683,SAM_SGD,0.709,0.5
710,0.38439724,2.460608720779419,0.3812597692012787,0.155489906668663,SAM_SGD,0.71,0.5
711,0.39310294,3.44203519821167,0.3919512629508972,0.1417398154735565,SAM_SGD,0.711,0.5
712,0.3838509,2.463770866394043,0.38170126080513,0.1558599472045898,SAM_SGD,0.712,0.5
713,0.39262426,3.450774669647217,0.392415314912796,0.1420939117670059,SAM_SGD,0.713,0.5
714,0.38331035,2.4669151306152344,0.3821384906768799,0.1562268882989883,SAM_SGD,0.714,0.5
715,0.39215085,3.4594597816467285,0.3928748965263366,0.1424450427293777,SAM_SGD,0.715,0.5
716,0.38277534,2.4700310230255127,0.3825715184211731,0.1565907001495361,SAM_SGD,0.716,0.5
717,0.39168268,3.4680795669555664,0.3933300971984863,0.1427932232618332,SAM_SGD,0.717,0.5
718,0.3822459,2.4731285572052,0.383000373840332,0.1569514572620391,SAM_SGD,0.718,0.5
719,0.39121976,3.47664475440979,0.393780916929245,0.143138512969017,SAM_SGD,0.719,0.5
720,0.38172182,2.4761903285980225,0.3834251463413238,0.1573091447353363,SAM_SGD,0.72,0.5
721,0.39076185,3.485137224197388,0.3942274451255798,0.143480896949768,SAM_SGD,0.721,0.5
722,0.38120332,2.4792373180389404,0.3838458359241485,0.1576638221740722,SAM_SGD,0.722,0.5
723,0.39030904,3.493574857711792,0.3946697115898132,0.143820434808731,SAM_SGD,0.723,0.5
724,0.38069007,2.482251644134521,0.3842625319957733,0.1580155044794082,SAM_SGD,0.724,0.5
725,0.38986102,3.501949548721313,0.3951077759265899,0.144157126545906,SAM_SGD,0.725,0.5
726,0.38018212,2.4852473735809326,0.3846752345561981,0.1583642214536667,SAM_SGD,0.726,0.5
727,0.38941804,3.510265350341797,0.3955416679382324,0.1444910019636154,SAM_SGD,0.727,0.5
728,0.37967932,2.4882171154022217,0.3850840032100677,0.1587099879980087,SAM_SGD,0.728,0.5
729,0.38897988,3.518522262573242,0.3959714472293854,0.1448220908641815,SAM_SGD,0.729,0.5
730,0.3791817,2.4911646842956543,0.385488897562027,0.1590528339147567,SAM_SGD,0.73,0.5
731,0.3885466,3.5267162322998047,0.3963971734046936,0.1451504081487655,SAM_SGD,0.731,0.5
732,0.37868914,2.494093179702759,0.3858899474143982,0.1593928039073944,SAM_SGD,0.732,0.5
733,0.38811785,3.534853935241699,0.3968188762664795,0.1454759836196899,SAM_SGD,0.733,0.5
734,0.37820163,2.496999263763428,0.3862872123718261,0.1597299128770828,SAM_SGD,0.734,0.5
735,0.38769382,3.542932510375977,0.3972365856170654,0.145798847079277,SAM_SGD,0.735,0.5
736,0.37771907,2.4998793601989746,0.3866806924343109,0.160064160823822,SAM_SGD,0.736,0.5
737,0.38727432,3.550950765609741,0.3976503610610962,0.146119013428688,SAM_SGD,0.737,0.5
738,0.3772414,2.5027363300323486,0.3870704770088196,0.1603956073522567,SAM_SGD,0.738,0.5
739,0.38685942,3.558909177780152,0.3980602324008941,0.1464365124702453,SAM_SGD,0.739,0.5
740,0.37676856,2.505570411682129,0.3874565660953522,0.1607242673635482,SAM_SGD,0.74,0.5
741,0.386449,3.566814661026001,0.3984662592411041,0.1467513591051101,SAM_SGD,0.741,0.5
742,0.3763005,2.508385181427002,0.3878390491008758,0.1610501557588577,SAM_SGD,0.742,0.5
743,0.38604286,3.5746560096740723,0.3988685011863708,0.1470635831356048,SAM_SGD,0.743,0.5
744,0.37583718,2.511180877685547,0.3882179260253906,0.1613733172416687,SAM_SGD,0.744,0.5
745,0.3856412,3.582444667816162,0.3992669582366943,0.1473732143640518,SAM_SGD,0.745,0.5
746,0.3753785,2.513949394226074,0.3885932564735412,0.1616937667131424,SAM_SGD,0.746,0.5
747,0.3852438,3.590176105499268,0.3996616899967193,0.1476802676916122,SAM_SGD,0.747,0.5
748,0.37492445,2.5166983604431152,0.3889650702476501,0.16201151907444,SAM_SGD,0.748,0.5
749,0.38485056,3.597846746444702,0.4000527560710907,0.1479847580194473,SAM_SGD,0.749,0.5
750,0.37447488,2.5194313526153564,0.3893333971500397,0.1623266041278839,SAM_SGD,0.75,0.5
751,0.38446164,3.605463981628418,0.4004401564598083,0.1482867151498794,SAM_SGD,0.751,0.5
752,0.37402987,2.52213716506958,0.3896982967853546,0.1626390516757965,SAM_SGD,0.752,0.5
753,0.3840767,3.6130237579345694,0.4008239507675171,0.148586168885231,SAM_SGD,0.753,0.5
754,0.37358928,2.524819850921631,0.3900597691535949,0.162948876619339,SAM_SGD,0.754,0.5
755,0.38369596,3.620533227920532,0.4012041687965393,0.148883119225502,SAM_SGD,0.755,0.5
756,0.37315312,2.527486085891724,0.3904178738594055,0.1632560938596725,SAM_SGD,0.756,0.5
757,0.3833192,3.627981424331665,0.4015808403491974,0.1491775810718536,SAM_SGD,0.757,0.5
758,0.37272137,2.530132293701172,0.3907726407051086,0.1635607331991195,SAM_SGD,0.758,0.5
759,0.38294646,3.635379076004028,0.4019540250301361,0.1494696140289306,SAM_SGD,0.759,0.5
760,0.3722937,2.5327510833740234,0.3911241292953491,0.1638628244400024,SAM_SGD,0.76,0.5
761,0.3825776,3.642719030380249,0.4023237824440002,0.1497592031955719,SAM_SGD,0.761,0.5
762,0.37187052,2.535364151000977,0.3914723396301269,0.1641623824834823,SAM_SGD,0.762,0.5
763,0.38221264,3.650004386901856,0.4026901125907898,0.1500463932752609,SAM_SGD,0.763,0.5
764,0.3714514,2.537949800491333,0.3918173313140869,0.1644594371318817,SAM_SGD,0.764,0.5
765,0.3818515,3.657235860824585,0.4030530452728271,0.1503311991691589,SAM_SGD,0.765,0.5
766,0.37103644,2.540515422821045,0.3921591341495514,0.1647540032863617,SAM_SGD,0.766,0.5
767,0.38149416,3.664412498474121,0.4034126400947571,0.1506136357784271,SAM_SGD,0.767,0.5
768,0.37062562,2.5430641174316406,0.3924977779388428,0.1650460958480835,SAM_SGD,0.768,0.5
769,0.38114044,3.671534299850464,0.4037688970565796,0.1508937329053878,SAM_SGD,0.769,0.5
770,0.37021878,2.5455856323242188,0.3928332924842834,0.1653357595205307,SAM_SGD,0.77,0.5
771,0.38079053,3.678608655929565,0.4041219055652618,0.1511715054512024,SAM_SGD,0.771,0.5
772,0.36981604,2.548093557357788,0.3931657075881958,0.1656230092048645,SAM_SGD,0.772,0.5
773,0.3804443,3.6856319904327393,0.4044716656208038,0.1514469683170318,SAM_SGD,0.773,0.5
774,0.36941716,2.550581216812134,0.3934950828552246,0.1659078449010849,SAM_SGD,0.774,0.5
775,0.3801015,3.692593097686768,0.4048182070255279,0.1517201513051986,SAM_SGD,0.775,0.5
776,0.36902222,2.5530483722686768,0.3938213884830475,0.1661903113126754,SAM_SGD,0.776,0.5
777,0.3797625,3.6995174884796143,0.4051615595817566,0.1519910544157028,SAM_SGD,0.777,0.5
778,0.3686311,2.555495023727417,0.3941447138786316,0.166470393538475,SAM_SGD,0.778,0.5
779,0.3794268,3.706375122070313,0.4055017828941345,0.1522597074508667,SAM_SGD,0.779,0.5
780,0.36824384,2.5579280853271484,0.3944650888442993,0.1667481511831283,SAM_SGD,0.78,0.5
781,0.3790946,3.7131855487823486,0.4058388769626617,0.1525261402130127,SAM_SGD,0.781,0.5
782,0.36786038,2.56033706665039,0.3947825133800506,0.1670235842466354,SAM_SGD,0.782,0.5
783,0.37876585,3.719947338104248,0.406172901391983,0.1527903527021408,SAM_SGD,0.783,0.5
784,0.3674807,2.5627360343933105,0.395097017288208,0.1672967374324798,SAM_SGD,0.784,0.5
785,0.3784406,3.726661443710327,0.4065038859844208,0.1530523896217346,SAM_SGD,0.785,0.5
786,0.3671046,2.565110683441162,0.3954086601734161,0.1675675958395004,SAM_SGD,0.786,0.5
787,0.37811866,3.733323812484741,0.406831830739975,0.1533122360706329,SAM_SGD,0.787,0.5
788,0.36673224,2.5674681663513184,0.395717442035675,0.1678361892700195,SAM_SGD,0.788,0.5
789,0.3777999,3.739933729171753,0.4071567952632904,0.1535699367523193,SAM_SGD,0.789,0.5
790,0.3663634,2.5698049068450928,0.3960234224796295,0.1681025475263595,SAM_SGD,0.79,0.5
791,0.3774845,3.746492385864258,0.4074788093566894,0.153825506567955,SAM_SGD,0.791,0.5
792,0.36599827,2.572124481201172,0.3963266313076019,0.1683666855096817,SAM_SGD,0.792,0.5
793,0.37717217,3.753001928329468,0.4077979326248169,0.1540789455175399,SAM_SGD,0.793,0.5
794,0.36563665,2.574437379837036,0.3966270685195923,0.1686286330223083,SAM_SGD,0.794,0.5
795,0.37686315,3.759463310241699,0.4081141352653503,0.1543302983045578,SAM_SGD,0.795,0.5
796,0.36527845,2.576725959777832,0.396924763917923,0.1688884049654007,SAM_SGD,0.796,0.5
797,0.37655738,3.765883922576904,0.4084274768829345,0.1545795798301696,SAM_SGD,0.797,0.5
798,0.36492372,2.578993797302246,0.3972197771072387,0.1691460013389587,SAM_SGD,0.798,0.5
799,0.3762545,3.7722442150115967,0.4087379872798919,0.1548267900943756,SAM_SGD,0.799,0.5
800,0.36457235,2.581247329711914,0.3975121080875397,0.169401466846466,SAM_SGD,0.8,0.5
801,0.37595487,3.778563261032105,0.4090456366539001,0.1550719588994979,SAM_SGD,0.801,0.5
802,0.36422443,2.583472967147827,0.3978017568588257,0.1696547865867614,SAM_SGD,0.802,0.5
803,0.37565824,3.784837245941162,0.409350574016571,0.1553150713443756,SAM_SGD,0.803,0.5
804,0.3638799,2.585702896118164,0.3980888128280639,0.1699060052633285,SAM_SGD,0.804,0.5
805,0.37536457,3.7910585403442383,0.4096527397632599,0.1555562019348144,SAM_SGD,0.805,0.5
806,0.36353865,2.587904930114746,0.3983732759952545,0.1701551377773285,SAM_SGD,0.806,0.5
807,0.37507385,3.7972311973571777,0.409952163696289,0.1557953208684921,SAM_SGD,0.807,0.5
808,0.3632006,2.5900888442993164,0.3986551761627197,0.1704021990299224,SAM_SGD,0.808,0.5
809,0.37478602,3.803358554840088,0.4102489352226257,0.1560324728488922,SAM_SGD,0.809,0.5
810,0.3628658,2.592262983322144,0.398934543132782,0.1706472188234329,SAM_SGD,0.81,0.5
811,0.37450114,3.809440851211548,0.4105430245399475,0.1562676727771759,SAM_SGD,0.811,0.5
812,0.36253422,2.5944159030914307,0.3992113769054413,0.1708901971578598,SAM_SGD,0.812,0.5
813,0.37421906,3.8154776096344,0.4108344614505768,0.1565009355545044,SAM_SGD,0.813,0.5
814,0.36220577,2.596551418304444,0.3994857370853424,0.1711311638355255,SAM_SGD,0.814,0.5
815,0.3739399,3.821464776992798,0.4111232757568359,0.1567322611808776,SAM_SGD,0.815,0.5
816,0.36188042,2.5986690521240234,0.3997575938701629,0.17137011885643,SAM_SGD,0.816,0.5
817,0.37366349,3.827414035797119,0.411409467458725,0.1569616645574569,SAM_SGD,0.817,0.5
818,0.36155814,2.6007657051086426,0.4000270068645477,0.1716070771217346,SAM_SGD,0.818,0.5
819,0.37338987,3.8333144187927246,0.4116931557655334,0.1571891754865646,SAM_SGD,0.819,0.5
820,0.36123908,2.602863073348999,0.4002940356731415,0.1718420982360839,SAM_SGD,0.82,0.5
821,0.37311897,3.839168787002564,0.4119742810726166,0.157414823770523,SAM_SGD,0.821,0.5
822,0.36092284,2.6049318313598637,0.4005586504936218,0.1720751523971557,SAM_SGD,0.822,0.5
823,0.37285078,3.844977617263794,0.4122529029846191,0.157638594508171,SAM_SGD,0.823,0.5
824,0.36060977,2.606989860534668,0.4008209109306335,0.1723062843084335,SAM_SGD,0.824,0.5
825,0.3725852,3.8507447242736816,0.4125290215015411,0.1578605324029922,SAM_SGD,0.825,0.5
826,0.3602996,2.609027147293091,0.4010808169841766,0.1725354939699173,SAM_SGD,0.826,0.5
827,0.37232226,3.856465578079224,0.4128026962280273,0.1580806225538253,SAM_SGD,0.827,0.5
828,0.35999236,2.6110613346099854,0.4013383984565735,0.1727628111839294,SAM_SGD,0.828,0.5
829,0.37206206,3.862148523330689,0.4130738973617553,0.158298909664154,SAM_SGD,0.829,0.5
830,0.35968792,2.613063097000122,0.4015936851501465,0.1729882210493087,SAM_SGD,0.83,0.5
831,0.37180427,3.8677780628204346,0.4133427143096924,0.1585154086351394,SAM_SGD,0.831,0.5
832,0.3593864,2.615058422088623,0.4018466770648956,0.1732117980718612,SAM_SGD,0.832,0.5
833,0.37154916,3.8733763694763184,0.413609117269516,0.1587301194667816,SAM_SGD,0.833,0.5
834,0.35908765,2.617032289505005,0.4020974338054657,0.1734335124492645,SAM_SGD,0.834,0.5
835,0.3712964,3.878925085067749,0.4138731956481933,0.1589430272579193,SAM_SGD,0.835,0.5
836,0.35879195,2.6190099716186523,0.4023459553718567,0.1736533790826797,SAM_SGD,0.836,0.5
837,0.37104627,3.8844313621521,0.4141348898410797,0.1591542065143585,SAM_SGD,0.837,0.5
838,0.35849884,2.6209559440612797,0.402592271566391,0.1738714277744293,SAM_SGD,0.838,0.5
839,0.37079847,3.889891862869263,0.4143943190574646,0.159363642334938,SAM_SGD,0.839,0.5
840,0.3582085,2.6229023933410645,0.402836412191391,0.1740877032279968,SAM_SGD,0.84,0.5
841,0.37055317,3.895317554473877,0.4146513938903808,0.1595713645219802,SAM_SGD,0.841,0.5
842,0.35792086,2.6248199939727783,0.4030783474445343,0.1743021756410598,SAM_SGD,0.842,0.5
843,0.37031043,3.9007043838500977,0.4149061441421509,0.1597773730754852,SAM_SGD,0.843,0.5
844,0.35763586,2.6267123222351074,0.4033181369304657,0.1745148450136184,SAM_SGD,0.844,0.5
845,0.37006986,3.9060447216033936,0.4151587188243866,0.1599816530942917,SAM_SGD,0.845,0.5
846,0.3573536,2.628612995147705,0.4035558104515075,0.1747257709503173,SAM_SGD,0.846,0.5
847,0.36983174,3.911343097686768,0.4154090285301208,0.1601842790842056,SAM_SGD,0.847,0.5
848,0.35707396,2.630488157272339,0.4037913680076599,0.1749349534511566,SAM_SGD,0.848,0.5
849,0.36959597,3.916605949401856,0.4156571328639984,0.1603852212429046,SAM_SGD,0.849,0.5
850,0.35679695,2.632356882095337,0.4040248692035675,0.1751424074172973,SAM_SGD,0.85,0.5
851,0.3693624,3.921819448471069,0.4159030616283417,0.1605845242738723,SAM_SGD,0.851,0.5
852,0.3565225,2.634207963943481,0.4042562842369079,0.1753481477499008,SAM_SGD,0.852,0.5
853,0.36913115,3.926997423171997,0.4161467850208282,0.1607821732759475,SAM_SGD,0.853,0.5
854,0.35625064,2.636040687561035,0.4044856429100036,0.1755521893501281,SAM_SGD,0.854,0.5
855,0.3689022,3.932140350341797,0.4163883924484253,0.1609781980514526,SAM_SGD,0.855,0.5
856,0.35598123,2.6378636360168457,0.4047130048274994,0.1757545322179794,SAM_SGD,0.856,0.5
857,0.36867532,3.937237024307251,0.4166278541088104,0.1611726135015487,SAM_SGD,0.857,0.5
858,0.3557143,2.63967227935791,0.4049383401870727,0.1759552210569381,SAM_SGD,0.858,0.5
859,0.36845082,3.942298173904419,0.4168652296066284,0.1613654345273971,SAM_SGD,0.859,0.5
860,0.35544994,2.641470193862915,0.4051617085933685,0.1761542558670044,SAM_SGD,0.86,0.5
861,0.36822835,3.9473202228546143,0.4171004891395569,0.161556676030159,SAM_SGD,0.861,0.5
862,0.3551879,2.6432430744171143,0.4053831100463867,0.1763516366481781,SAM_SGD,0.862,0.5
863,0.36800808,3.9523000717163086,0.417333722114563,0.1617463380098343,SAM_SGD,0.863,0.5
864,0.35492834,2.64501690864563,0.4056025445461273,0.1765474081039428,SAM_SGD,0.864,0.5
865,0.36778995,3.9572482109069824,0.4175648689270019,0.1619344353675842,SAM_SGD,0.865,0.5
866,0.3546712,2.6467690467834477,0.4058200716972351,0.1767415404319763,SAM_SGD,0.866,0.5
867,0.36757392,3.962149620056152,0.4177940189838409,0.1621209979057312,SAM_SGD,0.867,0.5
868,0.35441643,2.6485109329223637,0.4060356914997101,0.1769340932369232,SAM_SGD,0.868,0.5
869,0.36735997,3.9670159816741934,0.4180211722850799,0.1623060256242752,SAM_SGD,0.869,0.5
870,0.35416391,2.65024209022522,0.4062494039535522,0.1771250516176223,SAM_SGD,0.87,0.5
871,0.36714807,3.9718503952026367,0.4182462990283966,0.1624895334243774,SAM_SGD,0.871,0.5
872,0.35391384,2.6519522666931152,0.406461238861084,0.1773144304752349,SAM_SGD,0.872,0.5
873,0.36693817,3.976642370223999,0.4184694588184356,0.1626715362071991,SAM_SGD,0.873,0.5
874,0.35366598,2.653651237487793,0.4066712260246277,0.1775022596120834,SAM_SGD,0.874,0.5
875,0.36673033,3.981398820877075,0.4186906814575195,0.1628520488739013,SAM_SGD,0.875,0.5
876,0.35342035,2.655336856842041,0.4068793654441833,0.1776885390281677,SAM_SGD,0.876,0.5
877,0.36652455,3.986123323440552,0.4189099967479706,0.1630310714244842,SAM_SGD,0.877,0.5
878,0.35317704,2.6570191383361816,0.4070857167243957,0.177873283624649,SAM_SGD,0.878,0.5
879,0.36632055,3.990801334381104,0.4191273748874664,0.1632086336612701,SAM_SGD,0.879,0.5
880,0.35293603,2.6586835384368896,0.4072902202606201,0.1780565083026886,SAM_SGD,0.88,0.5
881,0.36611864,3.995451450347901,0.4193428456783294,0.1633847206830978,SAM_SGD,0.881,0.5
882,0.3526971,2.6603338718414307,0.4074929654598236,0.1782382130622863,SAM_SGD,0.882,0.5
883,0.36591855,4.000058174133301,0.4195564687252044,0.1635593771934509,SAM_SGD,0.883,0.5
884,0.35246038,2.6619739532470703,0.4076939225196838,0.1784184426069259,SAM_SGD,0.884,0.5
885,0.36572054,4.004641056060791,0.4197681844234466,0.1637326031923294,SAM_SGD,0.885,0.5
886,0.3522258,2.663592576980591,0.4078931212425232,0.1785971671342849,SAM_SGD,0.886,0.5
887,0.3655243,4.009181022644043,0.4199780821800232,0.1639043986797332,SAM_SGD,0.887,0.5
888,0.35199344,2.665207862854004,0.408090591430664,0.1787744313478469,SAM_SGD,0.888,0.5
889,0.36532995,4.013689041137695,0.4201861619949341,0.1640747785568237,SAM_SGD,0.889,0.5
890,0.3517632,2.6668131351470947,0.4082863628864288,0.178950235247612,SAM_SGD,0.89,0.5
891,0.3651374,4.018154144287109,0.4203924238681793,0.1642437726259231,SAM_SGD,0.891,0.5
892,0.35153502,2.668400287628174,0.4084804058074951,0.17912457883358,SAM_SGD,0.892,0.5
893,0.36494663,4.022586822509766,0.4205968976020813,0.1644113659858703,SAM_SGD,0.893,0.5
894,0.35130894,2.669984579086304,0.4086727499961853,0.1792975068092346,SAM_SGD,0.894,0.5
895,0.36475778,4.026991844177246,0.42079958319664,0.1645776033401489,SAM_SGD,0.895,0.5
896,0.3510848,2.671543836593628,0.4088634550571441,0.1794690042734146,SAM_SGD,0.896,0.5
897,0.36457068,4.031357288360596,0.4210005402565002,0.1647424697875976,SAM_SGD,0.897,0.5
898,0.35086283,2.6731035709381104,0.4090524911880493,0.1796391010284423,SAM_SGD,0.898,0.5
899,0.36438528,4.035687446594238,0.4211997389793396,0.1649059951305389,SAM_SGD,0.899,0.5
900,0.3506428,2.6746420860290527,0.4092398881912231,0.1798077970743179,SAM_SGD,0.9,0.5
901,0.36420166,4.039989471435547,0.4213972091674804,0.1650681793689727,SAM_SGD,0.901,0.5
902,0.35042477,2.676170587539673,0.4094256460666656,0.1799751073122024,SAM_SGD,0.902,0.5
903,0.36401984,4.044255256652832,0.4215929806232452,0.1652290225028991,SAM_SGD,0.903,0.5
904,0.3502088,2.677695274353028,0.4096097946166992,0.1801410466432571,SAM_SGD,0.904,0.5
905,0.3638397,4.048490047454834,0.4217870235443115,0.1653885692358017,SAM_SGD,0.905,0.5
906,0.3499946,2.6791915893554688,0.4097923636436462,0.180305615067482,SAM_SGD,0.906,0.5
907,0.36366117,4.052688121795654,0.4219794273376465,0.1655467897653579,SAM_SGD,0.907,0.5
908,0.34978247,2.680692434310913,0.4099733531475067,0.1804688274860382,SAM_SGD,0.908,0.5
909,0.3634843,4.056851387023926,0.4221701622009277,0.1657037138938903,SAM_SGD,0.909,0.5
910,0.3495722,2.6821792125701904,0.4101527631282806,0.1806307137012481,SAM_SGD,0.91,0.5
911,0.3633092,4.0609893798828125,0.4223592579364776,0.1658593714237213,SAM_SGD,0.911,0.5
912,0.34936386,2.683651924133301,0.4103306233882904,0.1807912737131118,SAM_SGD,0.912,0.5
913,0.3631357,4.065095901489258,0.4225466847419739,0.1660137474536895,SAM_SGD,0.913,0.5
914,0.34915733,2.6851067543029785,0.410506933927536,0.1809504926204681,SAM_SGD,0.914,0.5
915,0.36296389,4.069166660308838,0.4227325022220611,0.1661668419837951,SAM_SGD,0.915,0.5
916,0.34895274,2.686558723449707,0.4106817245483398,0.1811084151268005,SAM_SGD,0.916,0.5
917,0.36279362,4.073205947875977,0.4229167401790619,0.1663186997175216,SAM_SGD,0.917,0.5
918,0.34874988,2.687996864318848,0.4108550548553467,0.181265041232109,SAM_SGD,0.918,0.5
919,0.36262482,4.077204704284668,0.4230994284152984,0.166469320654869,SAM_SGD,0.919,0.5
920,0.34854904,2.6894357204437256,0.4110268652439117,0.1814204007387161,SAM_SGD,0.92,0.5
921,0.36245772,4.081183910369873,0.4232805073261261,0.1666187047958374,SAM_SGD,0.921,0.5
922,0.34834987,2.6908533573150635,0.4111971855163574,0.1815744787454605,SAM_SGD,0.922,0.5
923,0.36229214,4.085130214691162,0.4234600365161896,0.1667668670415878,SAM_SGD,0.923,0.5
924,0.34815246,2.6922607421875,0.4113660454750061,0.1817272901535034,SAM_SGD,0.924,0.5
925,0.3621281,4.089041233062744,0.4236380159854889,0.1669138222932815,SAM_SGD,0.925,0.5
926,0.34795684,2.693657636642456,0.4115334451198578,0.1818788647651672,SAM_SGD,0.926,0.5
927,0.36196563,4.092931270599365,0.423814445734024,0.1670595854520797,SAM_SGD,0.927,0.5
928,0.34776294,2.6950368881225586,0.4116994142532348,0.1820291727781295,SAM_SGD,0.928,0.5
929,0.36180463,4.096781730651856,0.4239893853664398,0.1672041267156601,SAM_SGD,0.929,0.5
930,0.34757075,2.6964168548583984,0.4118639230728149,0.182178258895874,SAM_SGD,0.93,0.5
931,0.36164516,4.100607872009277,0.4241628050804138,0.1673475056886673,SAM_SGD,0.931,0.5
932,0.34738037,2.697779417037964,0.4120270311832428,0.1823261082172393,SAM_SGD,0.932,0.5
933,0.36148718,4.104401588439941,0.4243347346782684,0.1674897074699401,SAM_SGD,0.933,0.5
934,0.34719163,2.699131727218628,0.4121887385845184,0.1824727654457092,SAM_SGD,0.934,0.5
935,0.36133063,4.108170986175537,0.4245052337646484,0.1676307469606399,SAM_SGD,0.935,0.5
936,0.34700462,2.700481414794922,0.4123491048812866,0.1826182156801223,SAM_SGD,0.936,0.5
937,0.3611754,4.111897468566895,0.424674242734909,0.1677706390619278,SAM_SGD,0.937,0.5
938,0.34681925,2.7018167972564697,0.4125080406665802,0.18276247382164,SAM_SGD,0.938,0.5
939,0.3610218,4.115606307983398,0.4248417913913727,0.1679093837738037,SAM_SGD,0.939,0.5
940,0.34663558,2.7031383514404297,0.4126656353473663,0.1829055547714233,SAM_SGD,0.94,0.5
941,0.36086953,4.119283676147461,0.4250079095363617,0.1680469959974289,SAM_SGD,0.941,0.5
942,0.34645343,2.7044498920440674,0.4128218591213226,0.1830474436283111,SAM_SGD,0.942,0.5
943,0.3607186,4.122932434082031,0.4251726269721985,0.1681834757328033,SAM_SGD,0.943,0.5
944,0.34627303,2.705758571624756,0.4129767715930938,0.1831881999969482,SAM_SGD,0.944,0.5
945,0.36056918,4.126552581787109,0.4253359138965606,0.1683188527822494,SAM_SGD,0.945,0.5
946,0.3460942,2.707049608230591,0.41313037276268,0.1833277940750122,SAM_SGD,0.946,0.5
947,0.36042094,4.1301374435424805,0.425497829914093,0.1684531271457672,SAM_SGD,0.947,0.5
948,0.34591684,2.708334445953369,0.4132826328277588,0.1834662407636642,SAM_SGD,0.948,0.5
949,0.36027423,4.133701324462891,0.4256583750247955,0.1685863137245178,SAM_SGD,0.949,0.5
950,0.34574115,2.709609270095825,0.4134336113929748,0.1836035698652267,SAM_SGD,0.95,0.5
951,0.3601288,4.137236595153809,0.4258175194263458,0.1687183976173401,SAM_SGD,0.951,0.5
952,0.34556702,2.7108733654022217,0.4135832786560058,0.1837397664785385,SAM_SGD,0.952,0.5
953,0.3599847,4.140744209289551,0.4259753227233886,0.1688494086265564,SAM_SGD,0.953,0.5
954,0.34539437,2.712127685546875,0.4137316644191742,0.1838748455047607,SAM_SGD,0.954,0.5
955,0.35984194,4.144226551055908,0.4261317551136017,0.1689793467521667,SAM_SGD,0.955,0.5
956,0.3452233,2.713371992111206,0.4138787686824798,0.1840088218450546,SAM_SGD,0.956,0.5
957,0.35970062,4.147684574127197,0.4262868762016296,0.1691082268953323,SAM_SGD,0.957,0.5
958,0.34505367,2.714606046676636,0.4140246510505676,0.1841417104005813,SAM_SGD,0.958,0.5
959,0.3595604,4.151106834411621,0.4264406561851501,0.1692360639572143,SAM_SGD,0.959,0.5
960,0.3448856,2.715829849243164,0.4141692817211151,0.1842734962701797,SAM_SGD,0.96,0.5
961,0.35942146,4.154504299163818,0.426593154668808,0.1693628430366516,SAM_SGD,0.961,0.5
962,0.34471896,2.717047691345215,0.4143126606941223,0.1844042241573333,SAM_SGD,0.962,0.5
963,0.35928395,4.157881736755371,0.4267443418502807,0.1694885939359665,SAM_SGD,0.963,0.5
964,0.34455386,2.718255043029785,0.414454847574234,0.1845338642597198,SAM_SGD,0.964,0.5
965,0.35914758,4.1612229347229,0.4268942475318908,0.169613316655159,SAM_SGD,0.965,0.5
966,0.3443902,2.719456434249878,0.4145958125591278,0.1846624463796615,SAM_SGD,0.966,0.5
967,0.35901237,4.164538860321045,0.4270428717136383,0.1697370111942291,SAM_SGD,0.967,0.5
968,0.34422806,2.7206475734710693,0.4147355556488037,0.1847899854183197,SAM_SGD,0.968,0.5
969,0.35887858,4.167838096618652,0.4271902441978454,0.1698597073554992,SAM_SGD,0.969,0.5
970,0.34406728,2.721832275390625,0.4148741364479065,0.1849164813756942,SAM_SGD,0.97,0.5
971,0.35874584,4.171102046966553,0.4273363351821899,0.1699814200401306,SAM_SGD,0.971,0.5
972,0.3439078,2.722992420196533,0.4150115251541137,0.1850419491529464,SAM_SGD,0.972,0.5
973,0.35861441,4.1743483543396,0.4274812340736389,0.1701021194458007,SAM_SGD,0.973,0.5
974,0.34374988,2.724164724349976,0.4151477813720703,0.1851663887500763,SAM_SGD,0.974,0.5
975,0.35848406,4.17755937576294,0.4276248812675476,0.1702218502759933,SAM_SGD,0.975,0.5
976,0.34359324,2.725315809249878,0.4152828454971313,0.1852898150682449,SAM_SGD,0.976,0.5
977,0.358355,4.180753231048584,0.4277673065662384,0.1703405976295471,SAM_SGD,0.977,0.5
978,0.34343806,2.726460695266724,0.4154167771339416,0.1854122281074524,SAM_SGD,0.978,0.5
979,0.358227,4.183918476104736,0.4279085397720337,0.1704583764076233,SAM_SGD,0.979,0.5
980,0.34328416,2.7275991439819336,0.4155495464801788,0.185533657670021,SAM_SGD,0.98,0.5
981,0.35810035,4.187067031860352,0.4280485510826111,0.170575201511383,SAM_SGD,0.981,0.5
982,0.34313163,2.728720426559448,0.4156812131404876,0.1856540739536285,SAM_SGD,0.982,0.5
983,0.3579746,4.190179347991943,0.4281874001026153,0.1706910729408264,SAM_SGD,0.983,0.5
984,0.34298047,2.7298429012298584,0.4158117771148681,0.1857735216617584,SAM_SGD,0.984,0.5
985,0.35785007,4.193266868591309,0.4283250570297241,0.1708060055971145,SAM_SGD,0.985,0.5
986,0.34283054,2.730947732925415,0.4159412086009979,0.1858919858932495,SAM_SGD,0.986,0.5
987,0.3577267,4.196338176727295,0.4284615218639374,0.1709199845790863,SAM_SGD,0.987,0.5
988,0.34268197,2.732046842575073,0.4160695374011993,0.1860094666481018,SAM_SGD,0.988,0.5
989,0.3576045,4.199380874633789,0.4285968840122223,0.1710330247879028,SAM_SGD,0.989,0.5
990,0.34253484,2.7331466674804688,0.4161967933177948,0.1861260086297989,SAM_SGD,0.99,0.5
991,0.35748327,4.202399253845215,0.4287310838699341,0.1711451709270477,SAM_SGD,0.991,0.5
992,0.34238884,2.734229326248169,0.4163229763507843,0.1862415969371795,SAM_SGD,0.992,0.5
993,0.3573632,4.205392837524414,0.4288641512393951,0.1712563931941986,SAM_SGD,0.993,0.5
994,0.3422442,2.735309839248657,0.4164480865001678,0.186356246471405,SAM_SGD,0.994,0.5
995,0.35724413,4.208365440368652,0.4289960861206054,0.1713667213916778,SAM_SGD,0.995,0.5
996,0.3421007,2.736372709274292,0.4165721237659454,0.1864699721336364,SAM_SGD,0.996,0.5
997,0.35712636,4.2113213539123535,0.4291269183158874,0.1714761555194854,SAM_SGD,0.997,0.5
998,0.3419585,2.73742938041687,0.4166951477527618,0.1865827590227127,SAM_SGD,0.998,0.5
999,0.35700944,4.214244842529297,0.4292566478252411,0.1715846806764602,SAM_SGD,0.999,0.5
