1765127380346 0.46575477965541484 1
1765127387492 0.20291045211207892 2
1765127394646 0.13992716493541751 3
1765127401752 0.10463684522060317 4
1765127409000 0.0827926632001011 5
1765127416147 0.06663118313148078 6
1765127423328 0.05502752988521796 7
1765127430477 0.04640018854186987 8
1765127437545 0.03898343426594411 9
1765127444555 0.03327402563642528 10
1765127451604 0.028658668895853737 11
1765127458951 0.02498822809278425 12
1765127466184 0.022015342782281323 13
1765127473427 0.019744998196076387 14
1765127480684 0.018115546319014166 15
1765127487864 0.016722922959525797 16
1765127494952 0.015776061453421645 17
1765127502054 0.015073672027837461 18
1765127509244 0.014543413848076055 19
1765127516418 0.01425867306509379 20
