1765127380351 87.03666666666666 1
1765127387493 94.055 2
1765127394648 95.89166666666667 3
1765127401754 96.965 4
1765127409002 97.57166666666667 5
1765127416149 98.04833333333333 6
1765127423329 98.41 7
1765127430478 98.67 8
1765127437547 98.94833333333334 9
1765127444556 99.11833333333334 10
1765127451606 99.24166666666666 11
1765127458952 99.37166666666667 12
1765127466185 99.51833333333333 13
1765127473429 99.59833333333333 14
1765127480685 99.65833333333333 15
1765127487866 99.705 16
1765127494953 99.74333333333334 17
1765127502055 99.77 18
1765127509246 99.78166666666667 19
1765127516420 99.795 20
