1765127523586 0.4759597031038199 1
1765127530694 0.19631592111229135 2
1765127537898 0.13472450163954103 3
1765127545067 0.10092502001966876 4
1765127552285 0.07933649075612711 5
1765127559447 0.06381673732005966 6
1765127566668 0.051823595050237835 7
1765127573930 0.04360959853039685 8
1765127581286 0.036315827901516835 9
1765127588480 0.030882121831266037 10
1765127595814 0.026418769239648573 11
1765127602873 0.02284170731431497 12
1765127610164 0.02013370498115304 13
1765127617274 0.017785200575636678 14
1765127624595 0.01627259191596257 15
1765127631809 0.014956268789455184 16
