path,experiment,rows,status,nan_cells,inf_cells,max_abs_numeric,has_axis,has_loss_like
f:\GDSearch\results_proposal_full_20260223_v2_blended_real_like\experiments\cifar10\CIFAR10_ResNet18_AdaBound_seed1011.csv,cifar10,50,has_nan,98.0,0.0,128.0,True,True
f:\GDSearch\results_proposal_full_20260223_v2_blended_real_like\experiments\cifar10\CIFAR10_ResNet18_AdaBound_seed1213.csv,cifar10,50,has_nan,98.0,0.0,128.0,True,True
f:\GDSearch\results_proposal_full_20260223_v2_blended_real_like\experiments\cifar10\CIFAR10_ResNet18_AdaBound_seed123.csv,cifar10,50,has_nan,98.0,0.0,128.0,True,True
f:\GDSearch\results_proposal_full_20260223_v2_blended_real_like\experiments\cifar10\CIFAR10_ResNet18_AdaBound_seed1415.csv,cifar10,50,has_nan,98.0,0.0,128.0,True,True
f:\GDSearch\results_proposal_full_20260223_v2_blended_real_like\experiments\cifar10\CIFAR10_ResNet18_AdaBound_seed1617.csv,cifar10,50,has_nan,98.0,0.0,128.0,True,True
f:\GDSearch\results_proposal_full_20260223_v2_blended_real_like\experiments\cifar10\CIFAR10_ResNet18_AdaBound_seed1819.csv,cifar10,50,has_nan,98.0,0.0,128.0,True,True
f:\GDSearch\results_proposal_full_20260223_v2_blended_real_like\experiments\cifar10\CIFAR10_ResNet18_AdaBound_seed2021.csv,cifar10,50,has_nan,98.0,0.0,128.0,True,True
f:\GDSearch\results_proposal_full_20260223_v2_blended_real_like\experiments\cifar10\CIFAR10_ResNet18_AdaBound_seed42.csv,cifar10,50,has_nan,98.0,0.0,128.0,True,True
f:\GDSearch\results_proposal_full_20260223_v2_blended_real_like\experiments\cifar10\CIFAR10_ResNet18_AdaBound_seed456.csv,cifar10,50,has_nan,98.0,0.0,128.0,True,True
f:\GDSearch\results_proposal_full_20260223_v2_blended_real_like\experiments\cifar10\CIFAR10_ResNet18_AdaBound_seed789.csv,cifar10,50,has_nan,98.0,0.0,128.0,True,True
f:\GDSearch\results_proposal_full_20260223_v2_blended_real_like\experiments\cifar10\CIFAR10_ResNet18_AdamW_seed1011.csv,cifar10,49,has_nan,96.0,0.0,128.0,True,True
f:\GDSearch\results_proposal_full_20260223_v2_blended_real_like\experiments\cifar10\CIFAR10_ResNet18_AdamW_seed1213.csv,cifar10,50,has_nan,98.0,0.0,128.0,True,True
f:\GDSearch\results_proposal_full_20260223_v2_blended_real_like\experiments\cifar10\CIFAR10_ResNet18_AdamW_seed123.csv,cifar10,50,has_nan,98.0,0.0,128.0,True,True
f:\GDSearch\results_proposal_full_20260223_v2_blended_real_like\experiments\cifar10\CIFAR10_ResNet18_AdamW_seed1415.csv,cifar10,50,has_nan,98.0,0.0,128.0,True,True
f:\GDSearch\results_proposal_full_20260223_v2_blended_real_like\experiments\cifar10\CIFAR10_ResNet18_AdamW_seed1617.csv,cifar10,50,has_nan,98.0,0.0,128.0,True,True
f:\GDSearch\results_proposal_full_20260223_v2_blended_real_like\experiments\cifar10\CIFAR10_ResNet18_AdamW_seed1819.csv,cifar10,50,has_nan,98.0,0.0,128.0,True,True
f:\GDSearch\results_proposal_full_20260223_v2_blended_real_like\experiments\cifar10\CIFAR10_ResNet18_AdamW_seed2021.csv,cifar10,50,has_nan,98.0,0.0,128.0,True,True
f:\GDSearch\results_proposal_full_20260223_v2_blended_real_like\experiments\cifar10\CIFAR10_ResNet18_AdamW_seed42.csv,cifar10,50,has_nan,98.0,0.0,128.0,True,True
f:\GDSearch\results_proposal_full_20260223_v2_blended_real_like\experiments\cifar10\CIFAR10_ResNet18_AdamW_seed456.csv,cifar10,50,has_nan,98.0,0.0,128.0,True,True
f:\GDSearch\results_proposal_full_20260223_v2_blended_real_like\experiments\cifar10\CIFAR10_ResNet18_AdamW_seed789.csv,cifar10,50,has_nan,98.0,0.0,128.0,True,True
f:\GDSearch\results_proposal_full_20260223_v2_blended_real_like\experiments\cifar10\CIFAR10_ResNet18_Adam_seed1011.csv,cifar10,50,has_nan,98.0,0.0,128.0,True,True
f:\GDSearch\results_proposal_full_20260223_v2_blended_real_like\experiments\cifar10\CIFAR10_ResNet18_Adam_seed1213.csv,cifar10,50,has_nan,98.0,0.0,128.0,True,True
f:\GDSearch\results_proposal_full_20260223_v2_blended_real_like\experiments\cifar10\CIFAR10_ResNet18_Adam_seed123.csv,cifar10,50,has_nan,98.0,0.0,128.0,True,True
f:\GDSearch\results_proposal_full_20260223_v2_blended_real_like\experiments\cifar10\CIFAR10_ResNet18_Adam_seed1415.csv,cifar10,50,has_nan,98.0,0.0,128.0,True,True
f:\GDSearch\results_proposal_full_20260223_v2_blended_real_like\experiments\cifar10\CIFAR10_ResNet18_Adam_seed1617.csv,cifar10,50,has_nan,98.0,0.0,128.0,True,True
f:\GDSearch\results_proposal_full_20260223_v2_blended_real_like\experiments\cifar10\CIFAR10_ResNet18_Adam_seed1819.csv,cifar10,50,has_nan,98.0,0.0,128.0,True,True
f:\GDSearch\results_proposal_full_20260223_v2_blended_real_like\experiments\cifar10\CIFAR10_ResNet18_Adam_seed2021.csv,cifar10,50,has_nan,98.0,0.0,128.0,True,True
f:\GDSearch\results_proposal_full_20260223_v2_blended_real_like\experiments\cifar10\CIFAR10_ResNet18_Adam_seed42.csv,cifar10,0,read_error: No columns to parse from file,,,,False,False
f:\GDSearch\results_proposal_full_20260223_v2_blended_real_like\experiments\cifar10\CIFAR10_ResNet18_Adam_seed456.csv,cifar10,50,has_nan,98.0,0.0,128.0,True,True
f:\GDSearch\results_proposal_full_20260223_v2_blended_real_like\experiments\cifar10\CIFAR10_ResNet18_Adam_seed789.csv,cifar10,50,has_nan,98.0,0.0,128.0,True,True
f:\GDSearch\results_proposal_full_20260223_v2_blended_real_like\experiments\cifar10\CIFAR10_ResNet18_LAMB_seed1011.csv,cifar10,50,has_nan,98.0,0.0,128.0,True,True
f:\GDSearch\results_proposal_full_20260223_v2_blended_real_like\experiments\cifar10\CIFAR10_ResNet18_LAMB_seed1213.csv,cifar10,50,has_nan,98.0,0.0,128.0,True,True
f:\GDSearch\results_proposal_full_20260223_v2_blended_real_like\experiments\cifar10\CIFAR10_ResNet18_LAMB_seed123.csv,cifar10,50,has_nan,98.0,0.0,128.0,True,True
f:\GDSearch\results_proposal_full_20260223_v2_blended_real_like\experiments\cifar10\CIFAR10_ResNet18_LAMB_seed1415.csv,cifar10,50,has_nan,98.0,0.0,128.0,True,True
f:\GDSearch\results_proposal_full_20260223_v2_blended_real_like\experiments\cifar10\CIFAR10_ResNet18_LAMB_seed1617.csv,cifar10,50,has_nan,98.0,0.0,128.0,True,True
f:\GDSearch\results_proposal_full_20260223_v2_blended_real_like\experiments\cifar10\CIFAR10_ResNet18_LAMB_seed1819.csv,cifar10,50,has_nan,98.0,0.0,128.0,True,True
f:\GDSearch\results_proposal_full_20260223_v2_blended_real_like\experiments\cifar10\CIFAR10_ResNet18_LAMB_seed2021.csv,cifar10,50,has_nan,98.0,0.0,128.0,True,True
f:\GDSearch\results_proposal_full_20260223_v2_blended_real_like\experiments\cifar10\CIFAR10_ResNet18_LAMB_seed42.csv,cifar10,50,has_nan,98.0,0.0,128.0,True,True
f:\GDSearch\results_proposal_full_20260223_v2_blended_real_like\experiments\cifar10\CIFAR10_ResNet18_LAMB_seed456.csv,cifar10,50,has_nan,98.0,0.0,128.0,True,True
f:\GDSearch\results_proposal_full_20260223_v2_blended_real_like\experiments\cifar10\CIFAR10_ResNet18_LAMB_seed789.csv,cifar10,50,has_nan,98.0,0.0,128.0,True,True
f:\GDSearch\results_proposal_full_20260223_v2_blended_real_like\experiments\cifar10\CIFAR10_ResNet18_RAdam_seed1011.csv,cifar10,29,has_nan,56.0,0.0,128.0,True,True
f:\GDSearch\results_proposal_full_20260223_v2_blended_real_like\experiments\cifar10\CIFAR10_ResNet18_RAdam_seed1213.csv,cifar10,49,has_nan,96.0,0.0,128.0,True,True
f:\GDSearch\results_proposal_full_20260223_v2_blended_real_like\experiments\cifar10\CIFAR10_ResNet18_RAdam_seed123.csv,cifar10,46,has_nan,90.0,0.0,128.0,True,True
f:\GDSearch\results_proposal_full_20260223_v2_blended_real_like\experiments\cifar10\CIFAR10_ResNet18_RAdam_seed1415.csv,cifar10,50,has_nan,98.0,0.0,128.0,True,True
f:\GDSearch\results_proposal_full_20260223_v2_blended_real_like\experiments\cifar10\CIFAR10_ResNet18_RAdam_seed1617.csv,cifar10,50,has_nan,98.0,0.0,128.0,True,True
f:\GDSearch\results_proposal_full_20260223_v2_blended_real_like\experiments\cifar10\CIFAR10_ResNet18_RAdam_seed1819.csv,cifar10,45,has_nan,88.0,0.0,128.0,True,True
f:\GDSearch\results_proposal_full_20260223_v2_blended_real_like\experiments\cifar10\CIFAR10_ResNet18_RAdam_seed2021.csv,cifar10,50,has_nan,98.0,0.0,128.0,True,True
f:\GDSearch\results_proposal_full_20260223_v2_blended_real_like\experiments\cifar10\CIFAR10_ResNet18_RAdam_seed42.csv,cifar10,50,has_nan,98.0,0.0,128.0,True,True
f:\GDSearch\results_proposal_full_20260223_v2_blended_real_like\experiments\cifar10\CIFAR10_ResNet18_RAdam_seed456.csv,cifar10,50,has_nan,98.0,0.0,128.0,True,True
f:\GDSearch\results_proposal_full_20260223_v2_blended_real_like\experiments\cifar10\CIFAR10_ResNet18_RAdam_seed789.csv,cifar10,39,has_nan,76.0,0.0,128.0,True,True
f:\GDSearch\results_proposal_full_20260223_v2_blended_real_like\experiments\cifar10\CIFAR10_ResNet18_SGD_Momentum_seed1011.csv,cifar10,50,has_nan,98.0,0.0,128.0,True,True
f:\GDSearch\results_proposal_full_20260223_v2_blended_real_like\experiments\cifar10\CIFAR10_ResNet18_SGD_Momentum_seed1213.csv,cifar10,50,has_nan,98.0,0.0,128.0,True,True
f:\GDSearch\results_proposal_full_20260223_v2_blended_real_like\experiments\cifar10\CIFAR10_ResNet18_SGD_Momentum_seed123.csv,cifar10,50,has_nan,98.0,0.0,128.0,True,True
f:\GDSearch\results_proposal_full_20260223_v2_blended_real_like\experiments\cifar10\CIFAR10_ResNet18_SGD_Momentum_seed1415.csv,cifar10,50,has_nan,98.0,0.0,128.0,True,True
f:\GDSearch\results_proposal_full_20260223_v2_blended_real_like\experiments\cifar10\CIFAR10_ResNet18_SGD_Momentum_seed1617.csv,cifar10,50,has_nan,98.0,0.0,128.0,True,True
f:\GDSearch\results_proposal_full_20260223_v2_blended_real_like\experiments\cifar10\CIFAR10_ResNet18_SGD_Momentum_seed1819.csv,cifar10,50,has_nan,98.0,0.0,128.0,True,True
f:\GDSearch\results_proposal_full_20260223_v2_blended_real_like\experiments\cifar10\CIFAR10_ResNet18_SGD_Momentum_seed2021.csv,cifar10,50,has_nan,98.0,0.0,128.0,True,True
f:\GDSearch\results_proposal_full_20260223_v2_blended_real_like\experiments\cifar10\CIFAR10_ResNet18_SGD_Momentum_seed42.csv,cifar10,50,has_nan,98.0,0.0,128.0,True,True
f:\GDSearch\results_proposal_full_20260223_v2_blended_real_like\experiments\cifar10\CIFAR10_ResNet18_SGD_Momentum_seed456.csv,cifar10,50,has_nan,98.0,0.0,128.0,True,True
f:\GDSearch\results_proposal_full_20260223_v2_blended_real_like\experiments\cifar10\CIFAR10_ResNet18_SGD_Momentum_seed789.csv,cifar10,50,has_nan,98.0,0.0,128.0,True,True
f:\GDSearch\results_proposal_full_20260223_v2_blended_real_like\experiments\cifar10\cifar10_results.csv,cifar10,0,read_error: No columns to parse from file,,,,False,False
f:\GDSearch\results_proposal_full_20260223_v2_blended_real_like\experiments\imdb\IMDB_distilbert-base-uncased_AdaBound_seed1011.csv,imdb,5,has_nan,8.0,0.0,89.2,True,True
f:\GDSearch\results_proposal_full_20260223_v2_blended_real_like\experiments\imdb\IMDB_distilbert-base-uncased_AdaBound_seed1213.csv,imdb,5,has_nan,8.0,0.0,87.33333333333333,True,True
f:\GDSearch\results_proposal_full_20260223_v2_blended_real_like\experiments\imdb\IMDB_distilbert-base-uncased_AdaBound_seed123.csv,imdb,5,has_nan,8.0,0.0,88.26666666666667,True,True
f:\GDSearch\results_proposal_full_20260223_v2_blended_real_like\experiments\imdb\IMDB_distilbert-base-uncased_AdaBound_seed1415.csv,imdb,5,has_nan,8.0,0.0,87.2,True,True
f:\GDSearch\results_proposal_full_20260223_v2_blended_real_like\experiments\imdb\IMDB_distilbert-base-uncased_AdaBound_seed1617.csv,imdb,5,has_nan,8.0,0.0,87.06666666666666,True,True
f:\GDSearch\results_proposal_full_20260223_v2_blended_real_like\experiments\imdb\IMDB_distilbert-base-uncased_AdaBound_seed1819.csv,imdb,5,has_nan,8.0,0.0,91.33333333333331,True,True
f:\GDSearch\results_proposal_full_20260223_v2_blended_real_like\experiments\imdb\IMDB_distilbert-base-uncased_AdaBound_seed2021.csv,imdb,5,has_nan,8.0,0.0,90.66666666666669,True,True
f:\GDSearch\results_proposal_full_20260223_v2_blended_real_like\experiments\imdb\IMDB_distilbert-base-uncased_AdaBound_seed42.csv,imdb,5,has_nan,8.0,0.0,89.33333333333333,True,True
f:\GDSearch\results_proposal_full_20260223_v2_blended_real_like\experiments\imdb\IMDB_distilbert-base-uncased_AdaBound_seed456.csv,imdb,5,has_nan,8.0,0.0,90.53333333333332,True,True
f:\GDSearch\results_proposal_full_20260223_v2_blended_real_like\experiments\imdb\IMDB_distilbert-base-uncased_AdaBound_seed789.csv,imdb,5,has_nan,8.0,0.0,88.53333333333333,True,True
f:\GDSearch\results_proposal_full_20260223_v2_blended_real_like\experiments\imdb\IMDB_distilbert-base-uncased_AdamW_seed1011.csv,imdb,10,has_nan,18.0,0.0,91.1,True,True
f:\GDSearch\results_proposal_full_20260223_v2_blended_real_like\experiments\imdb\IMDB_distilbert-base-uncased_AdamW_seed1213.csv,imdb,15,has_nan,28.0,0.0,90.55,True,True
f:\GDSearch\results_proposal_full_20260223_v2_blended_real_like\experiments\imdb\IMDB_distilbert-base-uncased_AdamW_seed123.csv,imdb,15,has_nan,28.0,0.0,91.26666666666668,True,True
f:\GDSearch\results_proposal_full_20260223_v2_blended_real_like\experiments\imdb\IMDB_distilbert-base-uncased_AdamW_seed1415.csv,imdb,6,has_nan,10.0,0.0,90.05,True,True
f:\GDSearch\results_proposal_full_20260223_v2_blended_real_like\experiments\imdb\IMDB_distilbert-base-uncased_AdamW_seed1617.csv,imdb,7,has_nan,12.0,0.0,89.66666666666667,True,True
f:\GDSearch\results_proposal_full_20260223_v2_blended_real_like\experiments\imdb\IMDB_distilbert-base-uncased_AdamW_seed1819.csv,imdb,8,has_nan,14.0,0.0,89.85,True,True
f:\GDSearch\results_proposal_full_20260223_v2_blended_real_like\experiments\imdb\IMDB_distilbert-base-uncased_AdamW_seed2021.csv,imdb,6,has_nan,10.0,0.0,90.33333333333331,True,True
f:\GDSearch\results_proposal_full_20260223_v2_blended_real_like\experiments\imdb\IMDB_distilbert-base-uncased_AdamW_seed42.csv,imdb,6,has_nan,10.0,0.0,90.3,True,True
f:\GDSearch\results_proposal_full_20260223_v2_blended_real_like\experiments\imdb\IMDB_distilbert-base-uncased_AdamW_seed456.csv,imdb,8,has_nan,14.0,0.0,90.06666666666666,True,True
f:\GDSearch\results_proposal_full_20260223_v2_blended_real_like\experiments\imdb\IMDB_distilbert-base-uncased_AdamW_seed789.csv,imdb,7,has_nan,12.0,0.0,90.05,True,True
f:\GDSearch\results_proposal_full_20260223_v2_blended_real_like\experiments\imdb\IMDB_distilbert-base-uncased_Adam_seed1011.csv,imdb,15,has_nan,28.0,0.0,91.15,True,True
f:\GDSearch\results_proposal_full_20260223_v2_blended_real_like\experiments\imdb\IMDB_distilbert-base-uncased_Adam_seed1213.csv,imdb,5,has_nan,8.0,0.0,90.3,True,True
f:\GDSearch\results_proposal_full_20260223_v2_blended_real_like\experiments\imdb\IMDB_distilbert-base-uncased_Adam_seed123.csv,imdb,14,has_nan,26.0,0.0,91.33333333333331,True,True
f:\GDSearch\results_proposal_full_20260223_v2_blended_real_like\experiments\imdb\IMDB_distilbert-base-uncased_Adam_seed1415.csv,imdb,6,has_nan,10.0,0.0,89.7,True,True
f:\GDSearch\results_proposal_full_20260223_v2_blended_real_like\experiments\imdb\IMDB_distilbert-base-uncased_Adam_seed1617.csv,imdb,11,has_nan,20.0,0.0,90.33333333333331,True,True
f:\GDSearch\results_proposal_full_20260223_v2_blended_real_like\experiments\imdb\IMDB_distilbert-base-uncased_Adam_seed1819.csv,imdb,13,has_nan,24.0,0.0,90.75,True,True
f:\GDSearch\results_proposal_full_20260223_v2_blended_real_like\experiments\imdb\IMDB_distilbert-base-uncased_Adam_seed2021.csv,imdb,6,has_nan,10.0,0.0,90.26666666666668,True,True
f:\GDSearch\results_proposal_full_20260223_v2_blended_real_like\experiments\imdb\IMDB_distilbert-base-uncased_Adam_seed42.csv,imdb,10,has_nan,18.0,0.0,90.53333333333332,True,True
f:\GDSearch\results_proposal_full_20260223_v2_blended_real_like\experiments\imdb\IMDB_distilbert-base-uncased_Adam_seed456.csv,imdb,15,has_nan,28.0,0.0,90.26666666666668,True,True
f:\GDSearch\results_proposal_full_20260223_v2_blended_real_like\experiments\imdb\IMDB_distilbert-base-uncased_Adam_seed789.csv,imdb,15,has_nan,28.0,0.0,90.2,True,True
f:\GDSearch\results_proposal_full_20260223_v2_blended_real_like\experiments\imdb\IMDB_distilbert-base-uncased_LAMB_seed1011.csv,imdb,5,has_nan,8.0,0.0,88.13333333333334,True,True
f:\GDSearch\results_proposal_full_20260223_v2_blended_real_like\experiments\imdb\IMDB_distilbert-base-uncased_LAMB_seed123.csv,imdb,5,has_nan,8.0,0.0,88.93333333333334,True,True
f:\GDSearch\results_proposal_full_20260223_v2_blended_real_like\experiments\imdb\IMDB_distilbert-base-uncased_LAMB_seed42.csv,imdb,5,has_nan,8.0,0.0,89.73333333333333,True,True
f:\GDSearch\results_proposal_full_20260223_v2_blended_real_like\experiments\imdb\IMDB_distilbert-base-uncased_LAMB_seed456.csv,imdb,5,has_nan,8.0,0.0,89.2,True,True
f:\GDSearch\results_proposal_full_20260223_v2_blended_real_like\experiments\imdb\IMDB_distilbert-base-uncased_LAMB_seed789.csv,imdb,5,has_nan,8.0,0.0,88.93333333333334,True,True
f:\GDSearch\results_proposal_full_20260223_v2_blended_real_like\experiments\imdb\IMDB_distilbert-base-uncased_RAdam_seed1011.csv,imdb,5,has_nan,8.0,0.0,83.8,True,True
f:\GDSearch\results_proposal_full_20260223_v2_blended_real_like\experiments\imdb\IMDB_distilbert-base-uncased_RAdam_seed1213.csv,imdb,5,has_nan,8.0,0.0,83.86666666666666,True,True
f:\GDSearch\results_proposal_full_20260223_v2_blended_real_like\experiments\imdb\IMDB_distilbert-base-uncased_RAdam_seed123.csv,imdb,5,has_nan,8.0,0.0,85.6,True,True
f:\GDSearch\results_proposal_full_20260223_v2_blended_real_like\experiments\imdb\IMDB_distilbert-base-uncased_RAdam_seed1415.csv,imdb,5,has_nan,8.0,0.0,84.13333333333334,True,True
f:\GDSearch\results_proposal_full_20260223_v2_blended_real_like\experiments\imdb\IMDB_distilbert-base-uncased_RAdam_seed1617.csv,imdb,5,has_nan,8.0,0.0,83.46666666666667,True,True
f:\GDSearch\results_proposal_full_20260223_v2_blended_real_like\experiments\imdb\IMDB_distilbert-base-uncased_RAdam_seed1819.csv,imdb,5,has_nan,8.0,0.0,85.33333333333333,True,True
f:\GDSearch\results_proposal_full_20260223_v2_blended_real_like\experiments\imdb\IMDB_distilbert-base-uncased_RAdam_seed2021.csv,imdb,5,has_nan,8.0,0.0,81.86666666666666,True,True
f:\GDSearch\results_proposal_full_20260223_v2_blended_real_like\experiments\imdb\IMDB_distilbert-base-uncased_RAdam_seed42.csv,imdb,5,has_nan,8.0,0.0,87.2,True,True
f:\GDSearch\results_proposal_full_20260223_v2_blended_real_like\experiments\imdb\IMDB_distilbert-base-uncased_RAdam_seed456.csv,imdb,5,has_nan,8.0,0.0,88.4,True,True
f:\GDSearch\results_proposal_full_20260223_v2_blended_real_like\experiments\imdb\IMDB_distilbert-base-uncased_RAdam_seed789.csv,imdb,5,has_nan,8.0,0.0,85.73333333333333,True,True
f:\GDSearch\results_proposal_full_20260223_v2_blended_real_like\experiments\imdb\IMDB_distilbert-base-uncased_SGD_Momentum_seed1011.csv,imdb,10,has_nan,18.0,0.0,89.6,True,True
f:\GDSearch\results_proposal_full_20260223_v2_blended_real_like\experiments\imdb\IMDB_distilbert-base-uncased_SGD_Momentum_seed1213.csv,imdb,5,has_nan,8.0,0.0,85.86666666666666,True,True
f:\GDSearch\results_proposal_full_20260223_v2_blended_real_like\experiments\imdb\IMDB_distilbert-base-uncased_SGD_Momentum_seed123.csv,imdb,12,has_nan,22.0,0.0,90.26666666666668,True,True
f:\GDSearch\results_proposal_full_20260223_v2_blended_real_like\experiments\imdb\IMDB_distilbert-base-uncased_SGD_Momentum_seed1415.csv,imdb,5,has_nan,8.0,0.0,84.26666666666667,True,True
f:\GDSearch\results_proposal_full_20260223_v2_blended_real_like\experiments\imdb\IMDB_distilbert-base-uncased_SGD_Momentum_seed1617.csv,imdb,5,has_nan,8.0,0.0,86.0,True,True
f:\GDSearch\results_proposal_full_20260223_v2_blended_real_like\experiments\imdb\IMDB_distilbert-base-uncased_SGD_Momentum_seed1819.csv,imdb,5,has_nan,8.0,0.0,89.0,True,True
f:\GDSearch\results_proposal_full_20260223_v2_blended_real_like\experiments\imdb\IMDB_distilbert-base-uncased_SGD_Momentum_seed2021.csv,imdb,5,has_nan,8.0,0.0,90.0,True,True
f:\GDSearch\results_proposal_full_20260223_v2_blended_real_like\experiments\imdb\IMDB_distilbert-base-uncased_SGD_Momentum_seed42.csv,imdb,7,has_nan,12.0,0.0,89.86666666666666,True,True
f:\GDSearch\results_proposal_full_20260223_v2_blended_real_like\experiments\imdb\IMDB_distilbert-base-uncased_SGD_Momentum_seed456.csv,imdb,9,has_nan,16.0,0.0,90.13333333333334,True,True
f:\GDSearch\results_proposal_full_20260223_v2_blended_real_like\experiments\imdb\IMDB_distilbert-base-uncased_SGD_Momentum_seed789.csv,imdb,11,has_nan,20.0,0.0,89.86666666666666,True,True
f:\GDSearch\results_proposal_full_20260223_v2_blended_real_like\experiments\label_noise\label_noise_results_cifar10_resnet18.csv,label_noise,50,has_nan,196.0,0.0,98.42666666666666,True,True
f:\GDSearch\results_proposal_full_20260223_v2_blended_real_like\experiments\label_noise\label_noise_results_mnist_mlp.csv,label_noise,2,has_nan,4.0,0.0,97.35,True,True
f:\GDSearch\results_proposal_full_20260223_v2_blended_real_like\experiments\lr_ablation\SGD_lr1.0e-02_seed1011.csv,lr_ablation,5,has_nan,55.0,0.0,2345.0,True,True
f:\GDSearch\results_proposal_full_20260223_v2_blended_real_like\experiments\lr_ablation\SGD_lr1.0e-02_seed1213.csv,lr_ablation,5,has_nan,55.0,0.0,2345.0,True,True
f:\GDSearch\results_proposal_full_20260223_v2_blended_real_like\experiments\lr_ablation\SGD_lr1.0e-02_seed123.csv,lr_ablation,5,has_nan,55.0,0.0,2345.0,True,True
f:\GDSearch\results_proposal_full_20260223_v2_blended_real_like\experiments\lr_ablation\SGD_lr1.0e-02_seed1415.csv,lr_ablation,5,has_nan,55.0,0.0,2345.0,True,True
f:\GDSearch\results_proposal_full_20260223_v2_blended_real_like\experiments\lr_ablation\SGD_lr1.0e-02_seed1617.csv,lr_ablation,5,has_nan,55.0,0.0,2345.0,True,True
f:\GDSearch\results_proposal_full_20260223_v2_blended_real_like\experiments\lr_ablation\SGD_lr1.0e-02_seed1819.csv,lr_ablation,5,has_nan,55.0,0.0,2345.0,True,True
f:\GDSearch\results_proposal_full_20260223_v2_blended_real_like\experiments\lr_ablation\SGD_lr1.0e-02_seed2021.csv,lr_ablation,5,has_nan,55.0,0.0,2345.0,True,True
f:\GDSearch\results_proposal_full_20260223_v2_blended_real_like\experiments\lr_ablation\SGD_lr1.0e-02_seed42.csv,lr_ablation,5,has_nan,55.0,0.0,2345.0,True,True
f:\GDSearch\results_proposal_full_20260223_v2_blended_real_like\experiments\lr_ablation\SGD_lr1.0e-02_seed456.csv,lr_ablation,5,has_nan,55.0,0.0,2345.0,True,True
f:\GDSearch\results_proposal_full_20260223_v2_blended_real_like\experiments\lr_ablation\SGD_lr1.0e-02_seed789.csv,lr_ablation,5,has_nan,55.0,0.0,2345.0,True,True
f:\GDSearch\results_proposal_full_20260223_v2_blended_real_like\experiments\lr_ablation\SGD_lr1.0e-03_seed1011.csv,lr_ablation,5,has_nan,55.0,0.0,2345.0,True,True
f:\GDSearch\results_proposal_full_20260223_v2_blended_real_like\experiments\lr_ablation\SGD_lr1.0e-03_seed1213.csv,lr_ablation,5,has_nan,55.0,0.0,2345.0,True,True
f:\GDSearch\results_proposal_full_20260223_v2_blended_real_like\experiments\lr_ablation\SGD_lr1.0e-03_seed123.csv,lr_ablation,5,has_nan,55.0,0.0,2345.0,True,True
f:\GDSearch\results_proposal_full_20260223_v2_blended_real_like\experiments\lr_ablation\SGD_lr1.0e-03_seed1415.csv,lr_ablation,5,has_nan,55.0,0.0,2345.0,True,True
f:\GDSearch\results_proposal_full_20260223_v2_blended_real_like\experiments\lr_ablation\SGD_lr1.0e-03_seed1617.csv,lr_ablation,5,has_nan,55.0,0.0,2345.0,True,True
f:\GDSearch\results_proposal_full_20260223_v2_blended_real_like\experiments\lr_ablation\SGD_lr1.0e-03_seed1819.csv,lr_ablation,5,has_nan,55.0,0.0,2345.0,True,True
f:\GDSearch\results_proposal_full_20260223_v2_blended_real_like\experiments\lr_ablation\SGD_lr1.0e-03_seed2021.csv,lr_ablation,5,has_nan,55.0,0.0,2345.0,True,True
f:\GDSearch\results_proposal_full_20260223_v2_blended_real_like\experiments\lr_ablation\SGD_lr1.0e-03_seed42.csv,lr_ablation,5,has_nan,55.0,0.0,2345.0,True,True
f:\GDSearch\results_proposal_full_20260223_v2_blended_real_like\experiments\lr_ablation\SGD_lr1.0e-03_seed456.csv,lr_ablation,5,has_nan,55.0,0.0,2345.0,True,True
f:\GDSearch\results_proposal_full_20260223_v2_blended_real_like\experiments\lr_ablation\SGD_lr1.0e-03_seed789.csv,lr_ablation,5,has_nan,55.0,0.0,2345.0,True,True
f:\GDSearch\results_proposal_full_20260223_v2_blended_real_like\experiments\lr_ablation\SGD_lr1.0e-04_seed1011.csv,lr_ablation,10,has_nan,110.0,0.0,4690.0,True,True
f:\GDSearch\results_proposal_full_20260223_v2_blended_real_like\experiments\lr_ablation\SGD_lr1.0e-04_seed1213.csv,lr_ablation,10,has_nan,110.0,0.0,4690.0,True,True
f:\GDSearch\results_proposal_full_20260223_v2_blended_real_like\experiments\lr_ablation\SGD_lr1.0e-04_seed123.csv,lr_ablation,10,has_nan,110.0,0.0,4690.0,True,True
f:\GDSearch\results_proposal_full_20260223_v2_blended_real_like\experiments\lr_ablation\SGD_lr1.0e-04_seed1415.csv,lr_ablation,10,has_nan,110.0,0.0,4690.0,True,True
f:\GDSearch\results_proposal_full_20260223_v2_blended_real_like\experiments\lr_ablation\SGD_lr1.0e-04_seed1617.csv,lr_ablation,10,has_nan,110.0,0.0,4690.0,True,True
f:\GDSearch\results_proposal_full_20260223_v2_blended_real_like\experiments\lr_ablation\SGD_lr1.0e-04_seed1819.csv,lr_ablation,10,has_nan,110.0,0.0,4690.0,True,True
f:\GDSearch\results_proposal_full_20260223_v2_blended_real_like\experiments\lr_ablation\SGD_lr1.0e-04_seed2021.csv,lr_ablation,10,has_nan,110.0,0.0,4690.0,True,True
f:\GDSearch\results_proposal_full_20260223_v2_blended_real_like\experiments\lr_ablation\SGD_lr1.0e-04_seed42.csv,lr_ablation,10,has_nan,110.0,0.0,4690.0,True,True
f:\GDSearch\results_proposal_full_20260223_v2_blended_real_like\experiments\lr_ablation\SGD_lr1.0e-04_seed456.csv,lr_ablation,10,has_nan,110.0,0.0,4690.0,True,True
f:\GDSearch\results_proposal_full_20260223_v2_blended_real_like\experiments\lr_ablation\SGD_lr1.0e-04_seed789.csv,lr_ablation,10,has_nan,110.0,0.0,4690.0,True,True
f:\GDSearch\results_proposal_full_20260223_v2_blended_real_like\experiments\lr_ablation\SGD_lr3.0e-02_seed1011.csv,lr_ablation,10,has_nan,110.0,0.0,4690.0,True,True
f:\GDSearch\results_proposal_full_20260223_v2_blended_real_like\experiments\lr_ablation\SGD_lr3.0e-02_seed1213.csv,lr_ablation,10,has_nan,110.0,0.0,4690.0,True,True
f:\GDSearch\results_proposal_full_20260223_v2_blended_real_like\experiments\lr_ablation\SGD_lr3.0e-02_seed123.csv,lr_ablation,10,has_nan,110.0,0.0,4690.0,True,True
f:\GDSearch\results_proposal_full_20260223_v2_blended_real_like\experiments\lr_ablation\SGD_lr3.0e-02_seed1415.csv,lr_ablation,10,has_nan,110.0,0.0,4690.0,True,True
f:\GDSearch\results_proposal_full_20260223_v2_blended_real_like\experiments\lr_ablation\SGD_lr3.0e-02_seed1617.csv,lr_ablation,10,has_nan,110.0,0.0,4690.0,True,True
f:\GDSearch\results_proposal_full_20260223_v2_blended_real_like\experiments\lr_ablation\SGD_lr3.0e-02_seed1819.csv,lr_ablation,10,has_nan,110.0,0.0,4690.0,True,True
f:\GDSearch\results_proposal_full_20260223_v2_blended_real_like\experiments\lr_ablation\SGD_lr3.0e-02_seed2021.csv,lr_ablation,10,has_nan,110.0,0.0,4690.0,True,True
f:\GDSearch\results_proposal_full_20260223_v2_blended_real_like\experiments\lr_ablation\SGD_lr3.0e-02_seed42.csv,lr_ablation,10,has_nan,110.0,0.0,4690.0,True,True
f:\GDSearch\results_proposal_full_20260223_v2_blended_real_like\experiments\lr_ablation\SGD_lr3.0e-02_seed456.csv,lr_ablation,10,has_nan,110.0,0.0,4690.0,True,True
f:\GDSearch\results_proposal_full_20260223_v2_blended_real_like\experiments\lr_ablation\SGD_lr3.0e-02_seed789.csv,lr_ablation,10,has_nan,110.0,0.0,4690.0,True,True
f:\GDSearch\results_proposal_full_20260223_v2_blended_real_like\experiments\lr_ablation\SGD_lr3.0e-03_seed1011.csv,lr_ablation,10,has_nan,110.0,0.0,4690.0,True,True
f:\GDSearch\results_proposal_full_20260223_v2_blended_real_like\experiments\lr_ablation\SGD_lr3.0e-03_seed1213.csv,lr_ablation,10,has_nan,110.0,0.0,4690.0,True,True
f:\GDSearch\results_proposal_full_20260223_v2_blended_real_like\experiments\lr_ablation\SGD_lr3.0e-03_seed123.csv,lr_ablation,10,has_nan,110.0,0.0,4690.0,True,True
f:\GDSearch\results_proposal_full_20260223_v2_blended_real_like\experiments\lr_ablation\SGD_lr3.0e-03_seed1415.csv,lr_ablation,10,has_nan,110.0,0.0,4690.0,True,True
f:\GDSearch\results_proposal_full_20260223_v2_blended_real_like\experiments\lr_ablation\SGD_lr3.0e-03_seed1617.csv,lr_ablation,10,has_nan,110.0,0.0,4690.0,True,True
f:\GDSearch\results_proposal_full_20260223_v2_blended_real_like\experiments\lr_ablation\SGD_lr3.0e-03_seed1819.csv,lr_ablation,10,has_nan,110.0,0.0,4690.0,True,True
f:\GDSearch\results_proposal_full_20260223_v2_blended_real_like\experiments\lr_ablation\SGD_lr3.0e-03_seed2021.csv,lr_ablation,10,has_nan,110.0,0.0,4690.0,True,True
f:\GDSearch\results_proposal_full_20260223_v2_blended_real_like\experiments\lr_ablation\SGD_lr3.0e-03_seed42.csv,lr_ablation,10,has_nan,110.0,0.0,4690.0,True,True
f:\GDSearch\results_proposal_full_20260223_v2_blended_real_like\experiments\lr_ablation\SGD_lr3.0e-03_seed456.csv,lr_ablation,10,has_nan,110.0,0.0,4690.0,True,True
f:\GDSearch\results_proposal_full_20260223_v2_blended_real_like\experiments\lr_ablation\SGD_lr3.0e-03_seed789.csv,lr_ablation,10,has_nan,110.0,0.0,4690.0,True,True
f:\GDSearch\results_proposal_full_20260223_v2_blended_real_like\experiments\lr_ablation\SGD_lr3.0e-04_seed1011.csv,lr_ablation,10,has_nan,110.0,0.0,4690.0,True,True
f:\GDSearch\results_proposal_full_20260223_v2_blended_real_like\experiments\lr_ablation\SGD_lr3.0e-04_seed1213.csv,lr_ablation,10,has_nan,110.0,0.0,4690.0,True,True
f:\GDSearch\results_proposal_full_20260223_v2_blended_real_like\experiments\lr_ablation\SGD_lr3.0e-04_seed123.csv,lr_ablation,10,has_nan,110.0,0.0,4690.0,True,True
f:\GDSearch\results_proposal_full_20260223_v2_blended_real_like\experiments\lr_ablation\SGD_lr3.0e-04_seed1415.csv,lr_ablation,10,has_nan,110.0,0.0,4690.0,True,True
f:\GDSearch\results_proposal_full_20260223_v2_blended_real_like\experiments\lr_ablation\SGD_lr3.0e-04_seed1617.csv,lr_ablation,10,has_nan,110.0,0.0,4690.0,True,True
f:\GDSearch\results_proposal_full_20260223_v2_blended_real_like\experiments\lr_ablation\SGD_lr3.0e-04_seed1819.csv,lr_ablation,10,has_nan,110.0,0.0,4690.0,True,True
f:\GDSearch\results_proposal_full_20260223_v2_blended_real_like\experiments\lr_ablation\SGD_lr3.0e-04_seed2021.csv,lr_ablation,10,has_nan,110.0,0.0,4690.0,True,True
f:\GDSearch\results_proposal_full_20260223_v2_blended_real_like\experiments\lr_ablation\SGD_lr3.0e-04_seed42.csv,lr_ablation,10,has_nan,110.0,0.0,4690.0,True,True
f:\GDSearch\results_proposal_full_20260223_v2_blended_real_like\experiments\lr_ablation\SGD_lr3.0e-04_seed456.csv,lr_ablation,10,has_nan,110.0,0.0,4690.0,True,True
f:\GDSearch\results_proposal_full_20260223_v2_blended_real_like\experiments\lr_ablation\SGD_lr3.0e-04_seed789.csv,lr_ablation,10,has_nan,110.0,0.0,4690.0,True,True
f:\GDSearch\results_proposal_full_20260223_v2_blended_real_like\experiments\lr_ablation\SGD_Momentum_lr1.0e-02_seed1011.csv,lr_ablation,10,has_nan,110.0,0.0,4690.0,True,True
f:\GDSearch\results_proposal_full_20260223_v2_blended_real_like\experiments\lr_ablation\SGD_Momentum_lr1.0e-02_seed1213.csv,lr_ablation,10,has_nan,110.0,0.0,4690.0,True,True
f:\GDSearch\results_proposal_full_20260223_v2_blended_real_like\experiments\lr_ablation\SGD_Momentum_lr1.0e-02_seed123.csv,lr_ablation,10,has_nan,110.0,0.0,4690.0,True,True
f:\GDSearch\results_proposal_full_20260223_v2_blended_real_like\experiments\lr_ablation\SGD_Momentum_lr1.0e-02_seed1415.csv,lr_ablation,10,has_nan,110.0,0.0,4690.0,True,True
f:\GDSearch\results_proposal_full_20260223_v2_blended_real_like\experiments\lr_ablation\SGD_Momentum_lr1.0e-02_seed1617.csv,lr_ablation,10,has_nan,110.0,0.0,4690.0,True,True
f:\GDSearch\results_proposal_full_20260223_v2_blended_real_like\experiments\lr_ablation\SGD_Momentum_lr1.0e-02_seed1819.csv,lr_ablation,10,has_nan,110.0,0.0,4690.0,True,True
f:\GDSearch\results_proposal_full_20260223_v2_blended_real_like\experiments\lr_ablation\SGD_Momentum_lr1.0e-02_seed2021.csv,lr_ablation,10,has_nan,110.0,0.0,4690.0,True,True
f:\GDSearch\results_proposal_full_20260223_v2_blended_real_like\experiments\lr_ablation\SGD_Momentum_lr1.0e-02_seed42.csv,lr_ablation,10,has_nan,110.0,0.0,4690.0,True,True
f:\GDSearch\results_proposal_full_20260223_v2_blended_real_like\experiments\lr_ablation\SGD_Momentum_lr1.0e-02_seed456.csv,lr_ablation,10,has_nan,110.0,0.0,4690.0,True,True
f:\GDSearch\results_proposal_full_20260223_v2_blended_real_like\experiments\lr_ablation\SGD_Momentum_lr1.0e-02_seed789.csv,lr_ablation,10,has_nan,110.0,0.0,4690.0,True,True
f:\GDSearch\results_proposal_full_20260223_v2_blended_real_like\experiments\lr_ablation\SGD_Momentum_lr1.0e-03_seed1011.csv,lr_ablation,10,has_nan,110.0,0.0,4690.0,True,True
f:\GDSearch\results_proposal_full_20260223_v2_blended_real_like\experiments\lr_ablation\SGD_Momentum_lr1.0e-03_seed1213.csv,lr_ablation,10,has_nan,110.0,0.0,4690.0,True,True
f:\GDSearch\results_proposal_full_20260223_v2_blended_real_like\experiments\lr_ablation\SGD_Momentum_lr1.0e-03_seed123.csv,lr_ablation,10,has_nan,110.0,0.0,4690.0,True,True
f:\GDSearch\results_proposal_full_20260223_v2_blended_real_like\experiments\lr_ablation\SGD_Momentum_lr1.0e-03_seed1415.csv,lr_ablation,10,has_nan,110.0,0.0,4690.0,True,True
f:\GDSearch\results_proposal_full_20260223_v2_blended_real_like\experiments\lr_ablation\SGD_Momentum_lr1.0e-03_seed1617.csv,lr_ablation,10,has_nan,110.0,0.0,4690.0,True,True
f:\GDSearch\results_proposal_full_20260223_v2_blended_real_like\experiments\lr_ablation\SGD_Momentum_lr1.0e-03_seed1819.csv,lr_ablation,10,has_nan,110.0,0.0,4690.0,True,True
f:\GDSearch\results_proposal_full_20260223_v2_blended_real_like\experiments\lr_ablation\SGD_Momentum_lr1.0e-03_seed2021.csv,lr_ablation,10,has_nan,110.0,0.0,4690.0,True,True
f:\GDSearch\results_proposal_full_20260223_v2_blended_real_like\experiments\lr_ablation\SGD_Momentum_lr1.0e-03_seed42.csv,lr_ablation,10,has_nan,110.0,0.0,4690.0,True,True
f:\GDSearch\results_proposal_full_20260223_v2_blended_real_like\experiments\lr_ablation\SGD_Momentum_lr1.0e-03_seed456.csv,lr_ablation,10,has_nan,110.0,0.0,4690.0,True,True
f:\GDSearch\results_proposal_full_20260223_v2_blended_real_like\experiments\lr_ablation\SGD_Momentum_lr1.0e-03_seed789.csv,lr_ablation,10,has_nan,110.0,0.0,4690.0,True,True
f:\GDSearch\results_proposal_full_20260223_v2_blended_real_like\experiments\lr_ablation\SGD_Momentum_lr1.0e-04_seed1011.csv,lr_ablation,10,has_nan,110.0,0.0,4690.0,True,True
f:\GDSearch\results_proposal_full_20260223_v2_blended_real_like\experiments\lr_ablation\SGD_Momentum_lr1.0e-04_seed1213.csv,lr_ablation,10,has_nan,110.0,0.0,4690.0,True,True
f:\GDSearch\results_proposal_full_20260223_v2_blended_real_like\experiments\lr_ablation\SGD_Momentum_lr1.0e-04_seed123.csv,lr_ablation,10,has_nan,110.0,0.0,4690.0,True,True
f:\GDSearch\results_proposal_full_20260223_v2_blended_real_like\experiments\lr_ablation\SGD_Momentum_lr1.0e-04_seed1415.csv,lr_ablation,10,has_nan,110.0,0.0,4690.0,True,True
f:\GDSearch\results_proposal_full_20260223_v2_blended_real_like\experiments\lr_ablation\SGD_Momentum_lr1.0e-04_seed1617.csv,lr_ablation,10,has_nan,110.0,0.0,4690.0,True,True
f:\GDSearch\results_proposal_full_20260223_v2_blended_real_like\experiments\lr_ablation\SGD_Momentum_lr1.0e-04_seed1819.csv,lr_ablation,10,has_nan,110.0,0.0,4690.0,True,True
f:\GDSearch\results_proposal_full_20260223_v2_blended_real_like\experiments\lr_ablation\SGD_Momentum_lr1.0e-04_seed2021.csv,lr_ablation,10,has_nan,110.0,0.0,4690.0,True,True
f:\GDSearch\results_proposal_full_20260223_v2_blended_real_like\experiments\lr_ablation\SGD_Momentum_lr1.0e-04_seed42.csv,lr_ablation,10,has_nan,110.0,0.0,4690.0,True,True
f:\GDSearch\results_proposal_full_20260223_v2_blended_real_like\experiments\lr_ablation\SGD_Momentum_lr1.0e-04_seed456.csv,lr_ablation,10,has_nan,110.0,0.0,4690.0,True,True
f:\GDSearch\results_proposal_full_20260223_v2_blended_real_like\experiments\lr_ablation\SGD_Momentum_lr1.0e-04_seed789.csv,lr_ablation,10,has_nan,110.0,0.0,4690.0,True,True
f:\GDSearch\results_proposal_full_20260223_v2_blended_real_like\experiments\lr_ablation\SGD_Momentum_lr3.0e-02_seed1011.csv,lr_ablation,10,has_nan,110.0,0.0,4690.0,True,True
f:\GDSearch\results_proposal_full_20260223_v2_blended_real_like\experiments\lr_ablation\SGD_Momentum_lr3.0e-02_seed1213.csv,lr_ablation,10,has_nan,110.0,0.0,4690.0,True,True
f:\GDSearch\results_proposal_full_20260223_v2_blended_real_like\experiments\lr_ablation\SGD_Momentum_lr3.0e-02_seed123.csv,lr_ablation,10,has_nan,110.0,0.0,4690.0,True,True
f:\GDSearch\results_proposal_full_20260223_v2_blended_real_like\experiments\lr_ablation\SGD_Momentum_lr3.0e-02_seed1415.csv,lr_ablation,10,has_nan,110.0,0.0,4690.0,True,True
f:\GDSearch\results_proposal_full_20260223_v2_blended_real_like\experiments\lr_ablation\SGD_Momentum_lr3.0e-02_seed1617.csv,lr_ablation,10,has_nan,110.0,0.0,4690.0,True,True
f:\GDSearch\results_proposal_full_20260223_v2_blended_real_like\experiments\lr_ablation\SGD_Momentum_lr3.0e-02_seed1819.csv,lr_ablation,10,has_nan,110.0,0.0,4690.0,True,True
f:\GDSearch\results_proposal_full_20260223_v2_blended_real_like\experiments\lr_ablation\SGD_Momentum_lr3.0e-02_seed2021.csv,lr_ablation,10,has_nan,110.0,0.0,4690.0,True,True
f:\GDSearch\results_proposal_full_20260223_v2_blended_real_like\experiments\lr_ablation\SGD_Momentum_lr3.0e-02_seed42.csv,lr_ablation,10,has_nan,110.0,0.0,4690.0,True,True
f:\GDSearch\results_proposal_full_20260223_v2_blended_real_like\experiments\lr_ablation\SGD_Momentum_lr3.0e-02_seed456.csv,lr_ablation,10,has_nan,110.0,0.0,4690.0,True,True
f:\GDSearch\results_proposal_full_20260223_v2_blended_real_like\experiments\lr_ablation\SGD_Momentum_lr3.0e-02_seed789.csv,lr_ablation,10,has_nan,110.0,0.0,4690.0,True,True
f:\GDSearch\results_proposal_full_20260223_v2_blended_real_like\experiments\lr_ablation\SGD_Momentum_lr3.0e-03_seed1011.csv,lr_ablation,10,has_nan,110.0,0.0,4690.0,True,True
f:\GDSearch\results_proposal_full_20260223_v2_blended_real_like\experiments\lr_ablation\SGD_Momentum_lr3.0e-03_seed1213.csv,lr_ablation,10,has_nan,110.0,0.0,4690.0,True,True
f:\GDSearch\results_proposal_full_20260223_v2_blended_real_like\experiments\lr_ablation\SGD_Momentum_lr3.0e-03_seed123.csv,lr_ablation,10,has_nan,110.0,0.0,4690.0,True,True
f:\GDSearch\results_proposal_full_20260223_v2_blended_real_like\experiments\lr_ablation\SGD_Momentum_lr3.0e-03_seed1415.csv,lr_ablation,10,has_nan,110.0,0.0,4690.0,True,True
f:\GDSearch\results_proposal_full_20260223_v2_blended_real_like\experiments\lr_ablation\SGD_Momentum_lr3.0e-03_seed1617.csv,lr_ablation,10,has_nan,110.0,0.0,4690.0,True,True
f:\GDSearch\results_proposal_full_20260223_v2_blended_real_like\experiments\lr_ablation\SGD_Momentum_lr3.0e-03_seed1819.csv,lr_ablation,10,has_nan,110.0,0.0,4690.0,True,True
f:\GDSearch\results_proposal_full_20260223_v2_blended_real_like\experiments\lr_ablation\SGD_Momentum_lr3.0e-03_seed2021.csv,lr_ablation,10,has_nan,110.0,0.0,4690.0,True,True
f:\GDSearch\results_proposal_full_20260223_v2_blended_real_like\experiments\lr_ablation\SGD_Momentum_lr3.0e-03_seed42.csv,lr_ablation,10,has_nan,110.0,0.0,4690.0,True,True
f:\GDSearch\results_proposal_full_20260223_v2_blended_real_like\experiments\lr_ablation\SGD_Momentum_lr3.0e-03_seed456.csv,lr_ablation,10,has_nan,110.0,0.0,4690.0,True,True
f:\GDSearch\results_proposal_full_20260223_v2_blended_real_like\experiments\lr_ablation\SGD_Momentum_lr3.0e-03_seed789.csv,lr_ablation,10,has_nan,110.0,0.0,4690.0,True,True
f:\GDSearch\results_proposal_full_20260223_v2_blended_real_like\experiments\lr_ablation\SGD_Momentum_lr3.0e-04_seed1011.csv,lr_ablation,10,has_nan,110.0,0.0,4690.0,True,True
f:\GDSearch\results_proposal_full_20260223_v2_blended_real_like\experiments\lr_ablation\SGD_Momentum_lr3.0e-04_seed1213.csv,lr_ablation,10,has_nan,110.0,0.0,4690.0,True,True
f:\GDSearch\results_proposal_full_20260223_v2_blended_real_like\experiments\lr_ablation\SGD_Momentum_lr3.0e-04_seed123.csv,lr_ablation,10,has_nan,110.0,0.0,4690.0,True,True
f:\GDSearch\results_proposal_full_20260223_v2_blended_real_like\experiments\lr_ablation\SGD_Momentum_lr3.0e-04_seed1415.csv,lr_ablation,10,has_nan,110.0,0.0,4690.0,True,True
f:\GDSearch\results_proposal_full_20260223_v2_blended_real_like\experiments\lr_ablation\SGD_Momentum_lr3.0e-04_seed1617.csv,lr_ablation,10,has_nan,110.0,0.0,4690.0,True,True
f:\GDSearch\results_proposal_full_20260223_v2_blended_real_like\experiments\lr_ablation\SGD_Momentum_lr3.0e-04_seed1819.csv,lr_ablation,10,has_nan,110.0,0.0,4690.0,True,True
f:\GDSearch\results_proposal_full_20260223_v2_blended_real_like\experiments\lr_ablation\SGD_Momentum_lr3.0e-04_seed2021.csv,lr_ablation,10,has_nan,110.0,0.0,4690.0,True,True
f:\GDSearch\results_proposal_full_20260223_v2_blended_real_like\experiments\lr_ablation\SGD_Momentum_lr3.0e-04_seed42.csv,lr_ablation,10,has_nan,110.0,0.0,4690.0,True,True
f:\GDSearch\results_proposal_full_20260223_v2_blended_real_like\experiments\lr_ablation\SGD_Momentum_lr3.0e-04_seed456.csv,lr_ablation,10,has_nan,110.0,0.0,4690.0,True,True
f:\GDSearch\results_proposal_full_20260223_v2_blended_real_like\experiments\lr_ablation\SGD_Momentum_lr3.0e-04_seed789.csv,lr_ablation,10,has_nan,110.0,0.0,4690.0,True,True
f:\GDSearch\results_proposal_full_20260223_v2_blended_real_like\experiments\medical\Medical_MedicalSimpleCNN_AdaBound_seed1011.csv,medical,3,has_nan,4.0,0.0,3.0,True,True
f:\GDSearch\results_proposal_full_20260223_v2_blended_real_like\experiments\medical\Medical_MedicalSimpleCNN_AdaBound_seed1213.csv,medical,3,has_nan,4.0,0.0,3.0,True,True
f:\GDSearch\results_proposal_full_20260223_v2_blended_real_like\experiments\medical\Medical_MedicalSimpleCNN_AdaBound_seed123.csv,medical,3,has_nan,4.0,0.0,3.0,True,True
f:\GDSearch\results_proposal_full_20260223_v2_blended_real_like\experiments\medical\Medical_MedicalSimpleCNN_AdaBound_seed1415.csv,medical,3,has_nan,4.0,0.0,3.0,True,True
f:\GDSearch\results_proposal_full_20260223_v2_blended_real_like\experiments\medical\Medical_MedicalSimpleCNN_AdaBound_seed1617.csv,medical,3,has_nan,4.0,0.0,3.0,True,True
f:\GDSearch\results_proposal_full_20260223_v2_blended_real_like\experiments\medical\Medical_MedicalSimpleCNN_AdaBound_seed1819.csv,medical,3,has_nan,4.0,0.0,3.0,True,True
f:\GDSearch\results_proposal_full_20260223_v2_blended_real_like\experiments\medical\Medical_MedicalSimpleCNN_AdaBound_seed2021.csv,medical,3,has_nan,4.0,0.0,3.0,True,True
f:\GDSearch\results_proposal_full_20260223_v2_blended_real_like\experiments\medical\Medical_MedicalSimpleCNN_AdaBound_seed42.csv,medical,3,has_nan,4.0,0.0,3.0,True,True
f:\GDSearch\results_proposal_full_20260223_v2_blended_real_like\experiments\medical\Medical_MedicalSimpleCNN_AdaBound_seed456.csv,medical,3,has_nan,4.0,0.0,3.0,True,True
f:\GDSearch\results_proposal_full_20260223_v2_blended_real_like\experiments\medical\Medical_MedicalSimpleCNN_AdaBound_seed789.csv,medical,3,has_nan,4.0,0.0,3.0,True,True
f:\GDSearch\results_proposal_full_20260223_v2_blended_real_like\experiments\medical\Medical_MedicalSimpleCNN_AdamW_seed1011.csv,medical,3,has_nan,4.0,0.0,3.0,True,True
f:\GDSearch\results_proposal_full_20260223_v2_blended_real_like\experiments\medical\Medical_MedicalSimpleCNN_AdamW_seed1213.csv,medical,3,has_nan,4.0,0.0,3.0,True,True
f:\GDSearch\results_proposal_full_20260223_v2_blended_real_like\experiments\medical\Medical_MedicalSimpleCNN_AdamW_seed123.csv,medical,3,has_nan,4.0,0.0,3.0,True,True
f:\GDSearch\results_proposal_full_20260223_v2_blended_real_like\experiments\medical\Medical_MedicalSimpleCNN_AdamW_seed1415.csv,medical,3,has_nan,4.0,0.0,3.0,True,True
f:\GDSearch\results_proposal_full_20260223_v2_blended_real_like\experiments\medical\Medical_MedicalSimpleCNN_AdamW_seed1617.csv,medical,3,has_nan,4.0,0.0,3.0,True,True
f:\GDSearch\results_proposal_full_20260223_v2_blended_real_like\experiments\medical\Medical_MedicalSimpleCNN_AdamW_seed1819.csv,medical,3,has_nan,4.0,0.0,3.0,True,True
f:\GDSearch\results_proposal_full_20260223_v2_blended_real_like\experiments\medical\Medical_MedicalSimpleCNN_AdamW_seed2021.csv,medical,3,has_nan,4.0,0.0,3.0,True,True
f:\GDSearch\results_proposal_full_20260223_v2_blended_real_like\experiments\medical\Medical_MedicalSimpleCNN_AdamW_seed42.csv,medical,3,has_nan,4.0,0.0,3.0,True,True
f:\GDSearch\results_proposal_full_20260223_v2_blended_real_like\experiments\medical\Medical_MedicalSimpleCNN_AdamW_seed456.csv,medical,3,has_nan,4.0,0.0,3.0,True,True
f:\GDSearch\results_proposal_full_20260223_v2_blended_real_like\experiments\medical\Medical_MedicalSimpleCNN_AdamW_seed789.csv,medical,3,has_nan,4.0,0.0,3.0,True,True
f:\GDSearch\results_proposal_full_20260223_v2_blended_real_like\experiments\medical\Medical_MedicalSimpleCNN_Adam_seed1011.csv,medical,3,has_nan,4.0,0.0,3.0,True,True
f:\GDSearch\results_proposal_full_20260223_v2_blended_real_like\experiments\medical\Medical_MedicalSimpleCNN_Adam_seed1213.csv,medical,3,has_nan,4.0,0.0,3.0,True,True
f:\GDSearch\results_proposal_full_20260223_v2_blended_real_like\experiments\medical\Medical_MedicalSimpleCNN_Adam_seed123.csv,medical,3,has_nan,4.0,0.0,3.0,True,True
f:\GDSearch\results_proposal_full_20260223_v2_blended_real_like\experiments\medical\Medical_MedicalSimpleCNN_Adam_seed1415.csv,medical,3,has_nan,4.0,0.0,3.0,True,True
f:\GDSearch\results_proposal_full_20260223_v2_blended_real_like\experiments\medical\Medical_MedicalSimpleCNN_Adam_seed1617.csv,medical,3,has_nan,4.0,0.0,3.0,True,True
f:\GDSearch\results_proposal_full_20260223_v2_blended_real_like\experiments\medical\Medical_MedicalSimpleCNN_Adam_seed1819.csv,medical,3,has_nan,4.0,0.0,3.0,True,True
f:\GDSearch\results_proposal_full_20260223_v2_blended_real_like\experiments\medical\Medical_MedicalSimpleCNN_Adam_seed2021.csv,medical,3,has_nan,4.0,0.0,3.0,True,True
f:\GDSearch\results_proposal_full_20260223_v2_blended_real_like\experiments\medical\Medical_MedicalSimpleCNN_Adam_seed42.csv,medical,3,has_nan,4.0,0.0,3.0,True,True
f:\GDSearch\results_proposal_full_20260223_v2_blended_real_like\experiments\medical\Medical_MedicalSimpleCNN_Adam_seed456.csv,medical,3,has_nan,4.0,0.0,3.0,True,True
f:\GDSearch\results_proposal_full_20260223_v2_blended_real_like\experiments\medical\Medical_MedicalSimpleCNN_Adam_seed789.csv,medical,3,has_nan,4.0,0.0,3.0,True,True
f:\GDSearch\results_proposal_full_20260223_v2_blended_real_like\experiments\medical\Medical_MedicalSimpleCNN_LAMB_seed1011.csv,medical,3,has_nan,4.0,0.0,3.0,True,True
f:\GDSearch\results_proposal_full_20260223_v2_blended_real_like\experiments\medical\Medical_MedicalSimpleCNN_LAMB_seed1213.csv,medical,3,has_nan,4.0,0.0,3.0,True,True
f:\GDSearch\results_proposal_full_20260223_v2_blended_real_like\experiments\medical\Medical_MedicalSimpleCNN_LAMB_seed123.csv,medical,3,has_nan,4.0,0.0,3.0,True,True
f:\GDSearch\results_proposal_full_20260223_v2_blended_real_like\experiments\medical\Medical_MedicalSimpleCNN_LAMB_seed1415.csv,medical,3,has_nan,4.0,0.0,3.882346613842425,True,True
f:\GDSearch\results_proposal_full_20260223_v2_blended_real_like\experiments\medical\Medical_MedicalSimpleCNN_LAMB_seed1617.csv,medical,3,has_nan,4.0,0.0,3.0,True,True
f:\GDSearch\results_proposal_full_20260223_v2_blended_real_like\experiments\medical\Medical_MedicalSimpleCNN_LAMB_seed1819.csv,medical,3,has_nan,4.0,0.0,3.0,True,True
f:\GDSearch\results_proposal_full_20260223_v2_blended_real_like\experiments\medical\Medical_MedicalSimpleCNN_LAMB_seed2021.csv,medical,3,has_nan,4.0,0.0,3.115158755289465,True,True
f:\GDSearch\results_proposal_full_20260223_v2_blended_real_like\experiments\medical\Medical_MedicalSimpleCNN_LAMB_seed42.csv,medical,3,has_nan,4.0,0.0,3.0,True,True
f:\GDSearch\results_proposal_full_20260223_v2_blended_real_like\experiments\medical\Medical_MedicalSimpleCNN_LAMB_seed456.csv,medical,3,has_nan,4.0,0.0,3.0,True,True
f:\GDSearch\results_proposal_full_20260223_v2_blended_real_like\experiments\medical\Medical_MedicalSimpleCNN_LAMB_seed789.csv,medical,3,has_nan,4.0,0.0,3.0,True,True
f:\GDSearch\results_proposal_full_20260223_v2_blended_real_like\experiments\medical\Medical_MedicalSimpleCNN_RAdam_seed1011.csv,medical,3,has_nan,4.0,0.0,3.0,True,True
f:\GDSearch\results_proposal_full_20260223_v2_blended_real_like\experiments\medical\Medical_MedicalSimpleCNN_RAdam_seed1213.csv,medical,3,has_nan,4.0,0.0,3.0,True,True
f:\GDSearch\results_proposal_full_20260223_v2_blended_real_like\experiments\medical\Medical_MedicalSimpleCNN_RAdam_seed123.csv,medical,3,has_nan,4.0,0.0,3.0,True,True
f:\GDSearch\results_proposal_full_20260223_v2_blended_real_like\experiments\medical\Medical_MedicalSimpleCNN_RAdam_seed1415.csv,medical,3,has_nan,4.0,0.0,3.0,True,True
f:\GDSearch\results_proposal_full_20260223_v2_blended_real_like\experiments\medical\Medical_MedicalSimpleCNN_RAdam_seed1617.csv,medical,3,has_nan,4.0,0.0,3.309589084208012,True,True
f:\GDSearch\results_proposal_full_20260223_v2_blended_real_like\experiments\medical\Medical_MedicalSimpleCNN_RAdam_seed1819.csv,medical,3,has_nan,4.0,0.0,3.0,True,True
f:\GDSearch\results_proposal_full_20260223_v2_blended_real_like\experiments\medical\Medical_MedicalSimpleCNN_RAdam_seed2021.csv,medical,3,has_nan,4.0,0.0,3.0,True,True
f:\GDSearch\results_proposal_full_20260223_v2_blended_real_like\experiments\medical\Medical_MedicalSimpleCNN_RAdam_seed42.csv,medical,3,has_nan,4.0,0.0,3.0,True,True
f:\GDSearch\results_proposal_full_20260223_v2_blended_real_like\experiments\medical\Medical_MedicalSimpleCNN_RAdam_seed456.csv,medical,3,has_nan,4.0,0.0,3.0,True,True
f:\GDSearch\results_proposal_full_20260223_v2_blended_real_like\experiments\medical\Medical_MedicalSimpleCNN_RAdam_seed789.csv,medical,3,has_nan,4.0,0.0,7.842431605235311,True,True
f:\GDSearch\results_proposal_full_20260223_v2_blended_real_like\experiments\medical\Medical_MedicalSimpleCNN_SGD_Momentum_seed1011.csv,medical,3,has_nan,4.0,0.0,3.0,True,True
f:\GDSearch\results_proposal_full_20260223_v2_blended_real_like\experiments\medical\Medical_MedicalSimpleCNN_SGD_Momentum_seed1213.csv,medical,3,has_nan,4.0,0.0,3.0,True,True
f:\GDSearch\results_proposal_full_20260223_v2_blended_real_like\experiments\medical\Medical_MedicalSimpleCNN_SGD_Momentum_seed123.csv,medical,3,has_nan,4.0,0.0,3.0,True,True
f:\GDSearch\results_proposal_full_20260223_v2_blended_real_like\experiments\medical\Medical_MedicalSimpleCNN_SGD_Momentum_seed1415.csv,medical,3,has_nan,4.0,0.0,3.0,True,True
f:\GDSearch\results_proposal_full_20260223_v2_blended_real_like\experiments\medical\Medical_MedicalSimpleCNN_SGD_Momentum_seed1617.csv,medical,3,has_nan,4.0,0.0,3.0,True,True
f:\GDSearch\results_proposal_full_20260223_v2_blended_real_like\experiments\medical\Medical_MedicalSimpleCNN_SGD_Momentum_seed1819.csv,medical,3,has_nan,4.0,0.0,3.0,True,True
f:\GDSearch\results_proposal_full_20260223_v2_blended_real_like\experiments\medical\Medical_MedicalSimpleCNN_SGD_Momentum_seed2021.csv,medical,3,has_nan,4.0,0.0,3.0,True,True
f:\GDSearch\results_proposal_full_20260223_v2_blended_real_like\experiments\medical\Medical_MedicalSimpleCNN_SGD_Momentum_seed42.csv,medical,3,has_nan,4.0,0.0,3.0,True,True
f:\GDSearch\results_proposal_full_20260223_v2_blended_real_like\experiments\medical\Medical_MedicalSimpleCNN_SGD_Momentum_seed456.csv,medical,3,has_nan,4.0,0.0,3.0,True,True
f:\GDSearch\results_proposal_full_20260223_v2_blended_real_like\experiments\medical\Medical_MedicalSimpleCNN_SGD_Momentum_seed789.csv,medical,3,has_nan,4.0,0.0,3.0,True,True
f:\GDSearch\results_proposal_full_20260223_v2_blended_real_like\experiments\medical\medical_results.csv,medical,0,read_error: No columns to parse from file,,,,False,False
f:\GDSearch\results_proposal_full_20260223_v2_blended_real_like\experiments\medical\Medical_UNet2D_AdamW_seed1011.csv,medical,3,has_nan,4.0,0.0,3.0,True,True
f:\GDSearch\results_proposal_full_20260223_v2_blended_real_like\experiments\medical\Medical_UNet2D_AdamW_seed1213.csv,medical,3,has_nan,4.0,0.0,3.0,True,True
f:\GDSearch\results_proposal_full_20260223_v2_blended_real_like\experiments\medical\Medical_UNet2D_AdamW_seed123.csv,medical,3,has_nan,4.0,0.0,3.0,True,True
f:\GDSearch\results_proposal_full_20260223_v2_blended_real_like\experiments\medical\Medical_UNet2D_AdamW_seed1415.csv,medical,3,has_nan,4.0,0.0,3.0,True,True
f:\GDSearch\results_proposal_full_20260223_v2_blended_real_like\experiments\medical\Medical_UNet2D_AdamW_seed1617.csv,medical,3,has_nan,4.0,0.0,3.001180429458618,True,True
f:\GDSearch\results_proposal_full_20260223_v2_blended_real_like\experiments\medical\Medical_UNet2D_AdamW_seed1819.csv,medical,3,has_nan,4.0,0.0,8.723393440246582,True,True
f:\GDSearch\results_proposal_full_20260223_v2_blended_real_like\experiments\medical\Medical_UNet2D_AdamW_seed2021.csv,medical,3,has_nan,4.0,0.0,3.0,True,True
f:\GDSearch\results_proposal_full_20260223_v2_blended_real_like\experiments\medical\Medical_UNet2D_AdamW_seed42.csv,medical,3,has_nan,4.0,0.0,6.043572216033936,True,True
f:\GDSearch\results_proposal_full_20260223_v2_blended_real_like\experiments\medical\Medical_UNet2D_AdamW_seed456.csv,medical,3,has_nan,4.0,0.0,3.817165422439575,True,True
f:\GDSearch\results_proposal_full_20260223_v2_blended_real_like\experiments\medical\Medical_UNet2D_AdamW_seed789.csv,medical,3,has_nan,4.0,0.0,3.0,True,True
f:\GDSearch\results_proposal_full_20260223_v2_blended_real_like\experiments\medical\Medical_UNet2D_Adam_seed1011.csv,medical,3,has_nan,4.0,0.0,3.0,True,True
f:\GDSearch\results_proposal_full_20260223_v2_blended_real_like\experiments\medical\Medical_UNet2D_Adam_seed1213.csv,medical,3,has_nan,4.0,0.0,3.0,True,True
f:\GDSearch\results_proposal_full_20260223_v2_blended_real_like\experiments\medical\Medical_UNet2D_Adam_seed123.csv,medical,3,has_nan,4.0,0.0,3.0,True,True
f:\GDSearch\results_proposal_full_20260223_v2_blended_real_like\experiments\medical\Medical_UNet2D_Adam_seed1415.csv,medical,3,has_nan,4.0,0.0,3.0,True,True
f:\GDSearch\results_proposal_full_20260223_v2_blended_real_like\experiments\medical\Medical_UNet2D_Adam_seed1617.csv,medical,3,has_nan,4.0,0.0,3.0734378814697267,True,True
f:\GDSearch\results_proposal_full_20260223_v2_blended_real_like\experiments\medical\Medical_UNet2D_Adam_seed1819.csv,medical,3,has_nan,4.0,0.0,7.458531093597412,True,True
f:\GDSearch\results_proposal_full_20260223_v2_blended_real_like\experiments\medical\Medical_UNet2D_Adam_seed2021.csv,medical,3,has_nan,4.0,0.0,3.0,True,True
f:\GDSearch\results_proposal_full_20260223_v2_blended_real_like\experiments\medical\Medical_UNet2D_Adam_seed42.csv,medical,3,has_nan,4.0,0.0,3.0,True,True
f:\GDSearch\results_proposal_full_20260223_v2_blended_real_like\experiments\medical\Medical_UNet2D_Adam_seed456.csv,medical,3,has_nan,4.0,0.0,4.15511269569397,True,True
f:\GDSearch\results_proposal_full_20260223_v2_blended_real_like\experiments\medical\Medical_UNet2D_Adam_seed789.csv,medical,3,has_nan,4.0,0.0,3.0,True,True
f:\GDSearch\results_proposal_full_20260223_v2_blended_real_like\experiments\medical\Medical_UNet2D_SGD_Momentum_seed1011.csv,medical,3,has_nan,4.0,0.0,3.0,True,True
f:\GDSearch\results_proposal_full_20260223_v2_blended_real_like\experiments\medical\Medical_UNet2D_SGD_Momentum_seed1213.csv,medical,3,has_nan,4.0,0.0,3.0,True,True
f:\GDSearch\results_proposal_full_20260223_v2_blended_real_like\experiments\medical\Medical_UNet2D_SGD_Momentum_seed123.csv,medical,3,has_nan,4.0,0.0,3.0,True,True
f:\GDSearch\results_proposal_full_20260223_v2_blended_real_like\experiments\medical\Medical_UNet2D_SGD_Momentum_seed1415.csv,medical,3,has_nan,4.0,0.0,3.0,True,True
f:\GDSearch\results_proposal_full_20260223_v2_blended_real_like\experiments\medical\Medical_UNet2D_SGD_Momentum_seed1617.csv,medical,3,has_nan,4.0,0.0,3.0,True,True
f:\GDSearch\results_proposal_full_20260223_v2_blended_real_like\experiments\medical\Medical_UNet2D_SGD_Momentum_seed1819.csv,medical,3,has_nan,4.0,0.0,3.0,True,True
f:\GDSearch\results_proposal_full_20260223_v2_blended_real_like\experiments\medical\Medical_UNet2D_SGD_Momentum_seed2021.csv,medical,3,has_nan,4.0,0.0,3.0,True,True
f:\GDSearch\results_proposal_full_20260223_v2_blended_real_like\experiments\medical\Medical_UNet2D_SGD_Momentum_seed42.csv,medical,3,has_nan,4.0,0.0,3.0,True,True
f:\GDSearch\results_proposal_full_20260223_v2_blended_real_like\experiments\medical\Medical_UNet2D_SGD_Momentum_seed456.csv,medical,3,has_nan,4.0,0.0,3.0,True,True
f:\GDSearch\results_proposal_full_20260223_v2_blended_real_like\experiments\medical\Medical_UNet2D_SGD_Momentum_seed789.csv,medical,3,has_nan,4.0,0.0,3.0,True,True
f:\GDSearch\results_proposal_full_20260223_v2_blended_real_like\experiments\mnist\mnist_results.csv,mnist,0,read_error: No columns to parse from file,,,,False,False
f:\GDSearch\results_proposal_full_20260223_v2_blended_real_like\experiments\mnist\MNIST_SimpleMLP_AdaBound_seed1011.csv,mnist,50,has_nan,45.0,0.0,442.9267256259918,True,True
f:\GDSearch\results_proposal_full_20260223_v2_blended_real_like\experiments\mnist\MNIST_SimpleMLP_AdaBound_seed1213.csv,mnist,50,has_nan,45.0,0.0,444.9962441921234,True,True
f:\GDSearch\results_proposal_full_20260223_v2_blended_real_like\experiments\mnist\MNIST_SimpleMLP_AdaBound_seed123.csv,mnist,50,has_nan,45.0,0.0,440.2855589389801,True,True
f:\GDSearch\results_proposal_full_20260223_v2_blended_real_like\experiments\mnist\MNIST_SimpleMLP_AdaBound_seed1415.csv,mnist,50,has_nan,45.0,0.0,450.1997034549713,True,True
f:\GDSearch\results_proposal_full_20260223_v2_blended_real_like\experiments\mnist\MNIST_SimpleMLP_AdaBound_seed1617.csv,mnist,45,has_nan,41.0,0.0,396.2343151569367,True,True
f:\GDSearch\results_proposal_full_20260223_v2_blended_real_like\experiments\mnist\MNIST_SimpleMLP_AdaBound_seed1819.csv,mnist,50,has_nan,45.0,0.0,441.3257858753204,True,True
f:\GDSearch\results_proposal_full_20260223_v2_blended_real_like\experiments\mnist\MNIST_SimpleMLP_AdaBound_seed2021.csv,mnist,50,has_nan,45.0,0.0,442.4275362491608,True,True
f:\GDSearch\results_proposal_full_20260223_v2_blended_real_like\experiments\mnist\MNIST_SimpleMLP_AdaBound_seed42.csv,mnist,50,has_nan,45.0,0.0,443.2494685649872,True,True
f:\GDSearch\results_proposal_full_20260223_v2_blended_real_like\experiments\mnist\MNIST_SimpleMLP_AdaBound_seed456.csv,mnist,50,has_nan,45.0,0.0,441.104311466217,True,True
f:\GDSearch\results_proposal_full_20260223_v2_blended_real_like\experiments\mnist\MNIST_SimpleMLP_AdaBound_seed789.csv,mnist,50,has_nan,45.0,0.0,442.34329652786255,True,True
f:\GDSearch\results_proposal_full_20260223_v2_blended_real_like\experiments\mnist\MNIST_SimpleMLP_AdamW_seed1011.csv,mnist,49,has_nan,45.0,0.0,409.65599751472473,True,True
f:\GDSearch\results_proposal_full_20260223_v2_blended_real_like\experiments\mnist\MNIST_SimpleMLP_AdamW_seed1213.csv,mnist,50,has_nan,45.0,0.0,419.5402750968933,True,True
f:\GDSearch\results_proposal_full_20260223_v2_blended_real_like\experiments\mnist\MNIST_SimpleMLP_AdamW_seed123.csv,mnist,50,has_nan,45.0,0.0,421.2933073043823,True,True
f:\GDSearch\results_proposal_full_20260223_v2_blended_real_like\experiments\mnist\MNIST_SimpleMLP_AdamW_seed1415.csv,mnist,26,has_nan,24.0,0.0,214.98381280899048,True,True
f:\GDSearch\results_proposal_full_20260223_v2_blended_real_like\experiments\mnist\MNIST_SimpleMLP_AdamW_seed1617.csv,mnist,50,has_nan,45.0,0.0,416.3724582195282,True,True
f:\GDSearch\results_proposal_full_20260223_v2_blended_real_like\experiments\mnist\MNIST_SimpleMLP_AdamW_seed1819.csv,mnist,50,has_nan,45.0,0.0,418.9555270671845,True,True
f:\GDSearch\results_proposal_full_20260223_v2_blended_real_like\experiments\mnist\MNIST_SimpleMLP_AdamW_seed2021.csv,mnist,24,has_nan,22.0,0.0,200.8390758037567,True,True
f:\GDSearch\results_proposal_full_20260223_v2_blended_real_like\experiments\mnist\MNIST_SimpleMLP_AdamW_seed42.csv,mnist,48,has_nan,44.0,0.0,400.64310359954834,True,True
f:\GDSearch\results_proposal_full_20260223_v2_blended_real_like\experiments\mnist\MNIST_SimpleMLP_AdamW_seed456.csv,mnist,33,has_nan,30.0,0.0,277.33573150634766,True,True
f:\GDSearch\results_proposal_full_20260223_v2_blended_real_like\experiments\mnist\MNIST_SimpleMLP_AdamW_seed789.csv,mnist,50,has_nan,45.0,0.0,423.0627970695496,True,True
f:\GDSearch\results_proposal_full_20260223_v2_blended_real_like\experiments\mnist\MNIST_SimpleMLP_Adam_seed1011.csv,mnist,47,has_nan,43.0,0.0,389.5132231712341,True,True
f:\GDSearch\results_proposal_full_20260223_v2_blended_real_like\experiments\mnist\MNIST_SimpleMLP_Adam_seed1213.csv,mnist,38,has_nan,35.0,0.0,315.90093660354614,True,True
f:\GDSearch\results_proposal_full_20260223_v2_blended_real_like\experiments\mnist\MNIST_SimpleMLP_Adam_seed123.csv,mnist,48,has_nan,44.0,0.0,397.9430556297302,True,True
f:\GDSearch\results_proposal_full_20260223_v2_blended_real_like\experiments\mnist\MNIST_SimpleMLP_Adam_seed1415.csv,mnist,28,has_nan,26.0,0.0,233.9394612312317,True,True
f:\GDSearch\results_proposal_full_20260223_v2_blended_real_like\experiments\mnist\MNIST_SimpleMLP_Adam_seed1617.csv,mnist,40,has_nan,36.0,0.0,338.4638063907624,True,True
f:\GDSearch\results_proposal_full_20260223_v2_blended_real_like\experiments\mnist\MNIST_SimpleMLP_Adam_seed1819.csv,mnist,50,has_nan,45.0,0.0,421.6943635940552,True,True
f:\GDSearch\results_proposal_full_20260223_v2_blended_real_like\experiments\mnist\MNIST_SimpleMLP_Adam_seed2021.csv,mnist,47,has_nan,43.0,0.0,390.5509176254273,True,True
f:\GDSearch\results_proposal_full_20260223_v2_blended_real_like\experiments\mnist\MNIST_SimpleMLP_Adam_seed42.csv,mnist,25,has_nan,23.0,0.0,207.31086802482605,True,True
f:\GDSearch\results_proposal_full_20260223_v2_blended_real_like\experiments\mnist\MNIST_SimpleMLP_Adam_seed456.csv,mnist,41,has_nan,37.0,0.0,346.3440337181092,True,True
f:\GDSearch\results_proposal_full_20260223_v2_blended_real_like\experiments\mnist\MNIST_SimpleMLP_Adam_seed789.csv,mnist,43,has_nan,39.0,0.0,358.6531264781952,True,True
f:\GDSearch\results_proposal_full_20260223_v2_blended_real_like\experiments\mnist\MNIST_SimpleMLP_AMSGrad_seed1011.csv,mnist,21,has_nan,19.0,0.0,175.81992626190186,True,True
f:\GDSearch\results_proposal_full_20260223_v2_blended_real_like\experiments\mnist\MNIST_SimpleMLP_AMSGrad_seed1213.csv,mnist,30,has_nan,27.0,0.0,252.46008133888245,True,True
f:\GDSearch\results_proposal_full_20260223_v2_blended_real_like\experiments\mnist\MNIST_SimpleMLP_AMSGrad_seed123.csv,mnist,27,has_nan,25.0,0.0,225.2406775951385,True,True
f:\GDSearch\results_proposal_full_20260223_v2_blended_real_like\experiments\mnist\MNIST_SimpleMLP_AMSGrad_seed1415.csv,mnist,28,has_nan,26.0,0.0,236.18997836112976,True,True
f:\GDSearch\results_proposal_full_20260223_v2_blended_real_like\experiments\mnist\MNIST_SimpleMLP_AMSGrad_seed1617.csv,mnist,20,has_nan,18.0,0.0,170.1658182144165,True,True
f:\GDSearch\results_proposal_full_20260223_v2_blended_real_like\experiments\mnist\MNIST_SimpleMLP_AMSGrad_seed1819.csv,mnist,25,has_nan,23.0,0.0,209.0788049697876,True,True
f:\GDSearch\results_proposal_full_20260223_v2_blended_real_like\experiments\mnist\MNIST_SimpleMLP_AMSGrad_seed2021.csv,mnist,34,has_nan,31.0,0.0,284.4665641784668,True,True
f:\GDSearch\results_proposal_full_20260223_v2_blended_real_like\experiments\mnist\MNIST_SimpleMLP_AMSGrad_seed42.csv,mnist,29,has_nan,27.0,0.0,240.9512391090393,True,True
f:\GDSearch\results_proposal_full_20260223_v2_blended_real_like\experiments\mnist\MNIST_SimpleMLP_AMSGrad_seed456.csv,mnist,20,has_nan,18.0,0.0,167.6257245540619,True,True
f:\GDSearch\results_proposal_full_20260223_v2_blended_real_like\experiments\mnist\MNIST_SimpleMLP_AMSGrad_seed789.csv,mnist,33,has_nan,30.0,0.0,275.67465019226074,True,True
f:\GDSearch\results_proposal_full_20260223_v2_blended_real_like\experiments\mnist\MNIST_SimpleMLP_LAMB_seed1011.csv,mnist,20,has_nan,18.0,0.0,178.3353476524353,True,True
f:\GDSearch\results_proposal_full_20260223_v2_blended_real_like\experiments\mnist\MNIST_SimpleMLP_LAMB_seed1213.csv,mnist,19,has_nan,18.0,0.0,166.48533248901367,True,True
f:\GDSearch\results_proposal_full_20260223_v2_blended_real_like\experiments\mnist\MNIST_SimpleMLP_LAMB_seed123.csv,mnist,23,has_nan,21.0,0.0,204.26070356369016,True,True
f:\GDSearch\results_proposal_full_20260223_v2_blended_real_like\experiments\mnist\MNIST_SimpleMLP_LAMB_seed1415.csv,mnist,23,has_nan,21.0,0.0,203.52167773246765,True,True
f:\GDSearch\results_proposal_full_20260223_v2_blended_real_like\experiments\mnist\MNIST_SimpleMLP_LAMB_seed1617.csv,mnist,30,has_nan,27.0,0.0,267.86569261550903,True,True
f:\GDSearch\results_proposal_full_20260223_v2_blended_real_like\experiments\mnist\MNIST_SimpleMLP_LAMB_seed1819.csv,mnist,29,has_nan,27.0,0.0,254.98058795928955,True,True
f:\GDSearch\results_proposal_full_20260223_v2_blended_real_like\experiments\mnist\MNIST_SimpleMLP_LAMB_seed2021.csv,mnist,36,has_nan,33.0,0.0,320.5132415294647,True,True
f:\GDSearch\results_proposal_full_20260223_v2_blended_real_like\experiments\mnist\MNIST_SimpleMLP_LAMB_seed42.csv,mnist,19,has_nan,18.0,0.0,166.0359399318695,True,True
f:\GDSearch\results_proposal_full_20260223_v2_blended_real_like\experiments\mnist\MNIST_SimpleMLP_LAMB_seed456.csv,mnist,21,has_nan,19.0,0.0,187.97348165512085,True,True
f:\GDSearch\results_proposal_full_20260223_v2_blended_real_like\experiments\mnist\MNIST_SimpleMLP_LAMB_seed789.csv,mnist,43,has_nan,39.0,0.0,384.373877286911,True,True
f:\GDSearch\results_proposal_full_20260223_v2_blended_real_like\experiments\mnist\MNIST_SimpleMLP_Lookahead_Adam_seed1011.csv,mnist,25,has_nan,23.0,0.0,210.04448986053467,True,True
f:\GDSearch\results_proposal_full_20260223_v2_blended_real_like\experiments\mnist\MNIST_SimpleMLP_Lookahead_Adam_seed1213.csv,mnist,44,has_nan,40.0,0.0,372.7343111038208,True,True
f:\GDSearch\results_proposal_full_20260223_v2_blended_real_like\experiments\mnist\MNIST_SimpleMLP_Lookahead_Adam_seed123.csv,mnist,28,has_nan,26.0,0.0,233.72617626190183,True,True
f:\GDSearch\results_proposal_full_20260223_v2_blended_real_like\experiments\mnist\MNIST_SimpleMLP_Lookahead_Adam_seed1415.csv,mnist,20,has_nan,18.0,0.0,169.8968005180359,True,True
f:\GDSearch\results_proposal_full_20260223_v2_blended_real_like\experiments\mnist\MNIST_SimpleMLP_Lookahead_Adam_seed1617.csv,mnist,25,has_nan,23.0,0.0,209.71442794799805,True,True
f:\GDSearch\results_proposal_full_20260223_v2_blended_real_like\experiments\mnist\MNIST_SimpleMLP_Lookahead_Adam_seed1819.csv,mnist,17,has_nan,16.0,0.0,142.15066695213318,True,True
f:\GDSearch\results_proposal_full_20260223_v2_blended_real_like\experiments\mnist\MNIST_SimpleMLP_Lookahead_Adam_seed2021.csv,mnist,25,has_nan,23.0,0.0,210.2127823829651,True,True
f:\GDSearch\results_proposal_full_20260223_v2_blended_real_like\experiments\mnist\MNIST_SimpleMLP_Lookahead_Adam_seed42.csv,mnist,17,has_nan,16.0,0.0,140.5728795528412,True,True
f:\GDSearch\results_proposal_full_20260223_v2_blended_real_like\experiments\mnist\MNIST_SimpleMLP_Lookahead_Adam_seed456.csv,mnist,25,has_nan,23.0,0.0,209.6198389530182,True,True
f:\GDSearch\results_proposal_full_20260223_v2_blended_real_like\experiments\mnist\MNIST_SimpleMLP_Lookahead_Adam_seed789.csv,mnist,23,has_nan,21.0,0.0,193.1251480579376,True,True
f:\GDSearch\results_proposal_full_20260223_v2_blended_real_like\experiments\mnist\MNIST_SimpleMLP_Lookahead_SGD_seed1011.csv,mnist,50,has_nan,45.0,0.0,424.5643391609192,True,True
f:\GDSearch\results_proposal_full_20260223_v2_blended_real_like\experiments\mnist\MNIST_SimpleMLP_Lookahead_SGD_seed1213.csv,mnist,50,has_nan,45.0,0.0,423.7828843593597,True,True
f:\GDSearch\results_proposal_full_20260223_v2_blended_real_like\experiments\mnist\MNIST_SimpleMLP_Lookahead_SGD_seed123.csv,mnist,50,has_nan,45.0,0.0,422.894083738327,True,True
f:\GDSearch\results_proposal_full_20260223_v2_blended_real_like\experiments\mnist\MNIST_SimpleMLP_Lookahead_SGD_seed1415.csv,mnist,50,has_nan,45.0,0.0,423.82445549964905,True,True
f:\GDSearch\results_proposal_full_20260223_v2_blended_real_like\experiments\mnist\MNIST_SimpleMLP_Lookahead_SGD_seed1617.csv,mnist,50,has_nan,45.0,0.0,425.3260772228241,True,True
f:\GDSearch\results_proposal_full_20260223_v2_blended_real_like\experiments\mnist\MNIST_SimpleMLP_Lookahead_SGD_seed1819.csv,mnist,50,has_nan,45.0,0.0,425.9109325408936,True,True
f:\GDSearch\results_proposal_full_20260223_v2_blended_real_like\experiments\mnist\MNIST_SimpleMLP_Lookahead_SGD_seed2021.csv,mnist,50,has_nan,45.0,0.0,424.0496869087219,True,True
f:\GDSearch\results_proposal_full_20260223_v2_blended_real_like\experiments\mnist\MNIST_SimpleMLP_Lookahead_SGD_seed42.csv,mnist,50,has_nan,45.0,0.0,422.56865191459656,True,True
f:\GDSearch\results_proposal_full_20260223_v2_blended_real_like\experiments\mnist\MNIST_SimpleMLP_Lookahead_SGD_seed456.csv,mnist,50,has_nan,45.0,0.0,422.8643033504486,True,True
f:\GDSearch\results_proposal_full_20260223_v2_blended_real_like\experiments\mnist\MNIST_SimpleMLP_Lookahead_SGD_seed789.csv,mnist,50,has_nan,45.0,0.0,422.8890488147736,True,True
f:\GDSearch\results_proposal_full_20260223_v2_blended_real_like\experiments\mnist\MNIST_SimpleMLP_RAdam_seed1011.csv,mnist,22,has_nan,20.0,0.0,198.98687028884888,True,True
f:\GDSearch\results_proposal_full_20260223_v2_blended_real_like\experiments\mnist\MNIST_SimpleMLP_RAdam_seed1213.csv,mnist,28,has_nan,26.0,0.0,249.8850455284119,True,True
f:\GDSearch\results_proposal_full_20260223_v2_blended_real_like\experiments\mnist\MNIST_SimpleMLP_RAdam_seed123.csv,mnist,20,has_nan,18.0,0.0,180.2049036026001,True,True
f:\GDSearch\results_proposal_full_20260223_v2_blended_real_like\experiments\mnist\MNIST_SimpleMLP_RAdam_seed1415.csv,mnist,30,has_nan,27.0,0.0,272.51546716690063,True,True
f:\GDSearch\results_proposal_full_20260223_v2_blended_real_like\experiments\mnist\MNIST_SimpleMLP_RAdam_seed1617.csv,mnist,20,has_nan,18.0,0.0,181.1078052520752,True,True
f:\GDSearch\results_proposal_full_20260223_v2_blended_real_like\experiments\mnist\MNIST_SimpleMLP_RAdam_seed1819.csv,mnist,19,has_nan,18.0,0.0,168.48364973068237,True,True
f:\GDSearch\results_proposal_full_20260223_v2_blended_real_like\experiments\mnist\MNIST_SimpleMLP_RAdam_seed2021.csv,mnist,21,has_nan,19.0,0.0,190.41277074813843,True,True
f:\GDSearch\results_proposal_full_20260223_v2_blended_real_like\experiments\mnist\MNIST_SimpleMLP_RAdam_seed42.csv,mnist,16,has_nan,15.0,0.0,142.26264595985413,True,True
f:\GDSearch\results_proposal_full_20260223_v2_blended_real_like\experiments\mnist\MNIST_SimpleMLP_RAdam_seed456.csv,mnist,23,has_nan,21.0,0.0,206.06908535957336,True,True
f:\GDSearch\results_proposal_full_20260223_v2_blended_real_like\experiments\mnist\MNIST_SimpleMLP_RAdam_seed789.csv,mnist,35,has_nan,32.0,0.0,313.6648819446564,True,True
f:\GDSearch\results_proposal_full_20260223_v2_blended_real_like\experiments\mnist\MNIST_SimpleMLP_SAM_Adam_seed1011.csv,mnist,50,has_nan,45.0,0.0,398.6067957878113,True,True
f:\GDSearch\results_proposal_full_20260223_v2_blended_real_like\experiments\mnist\MNIST_SimpleMLP_SAM_Adam_seed1213.csv,mnist,40,has_nan,36.0,0.0,319.2181148529053,True,True
f:\GDSearch\results_proposal_full_20260223_v2_blended_real_like\experiments\mnist\MNIST_SimpleMLP_SAM_Adam_seed123.csv,mnist,40,has_nan,36.0,0.0,315.25114035606384,True,True
f:\GDSearch\results_proposal_full_20260223_v2_blended_real_like\experiments\mnist\MNIST_SimpleMLP_SAM_Adam_seed1415.csv,mnist,43,has_nan,39.0,0.0,340.5269153118133,True,True
f:\GDSearch\results_proposal_full_20260223_v2_blended_real_like\experiments\mnist\MNIST_SimpleMLP_SAM_Adam_seed1617.csv,mnist,43,has_nan,39.0,0.0,338.74461221694946,True,True
f:\GDSearch\results_proposal_full_20260223_v2_blended_real_like\experiments\mnist\MNIST_SimpleMLP_SAM_Adam_seed1819.csv,mnist,50,has_nan,45.0,0.0,399.9939088821411,True,True
f:\GDSearch\results_proposal_full_20260223_v2_blended_real_like\experiments\mnist\MNIST_SimpleMLP_SAM_Adam_seed2021.csv,mnist,45,has_nan,41.0,0.0,357.6068935394287,True,True
f:\GDSearch\results_proposal_full_20260223_v2_blended_real_like\experiments\mnist\MNIST_SimpleMLP_SAM_Adam_seed42.csv,mnist,41,has_nan,37.0,0.0,322.9404489994049,True,True
f:\GDSearch\results_proposal_full_20260223_v2_blended_real_like\experiments\mnist\MNIST_SimpleMLP_SAM_Adam_seed456.csv,mnist,50,has_nan,45.0,0.0,394.6202220916748,True,True
f:\GDSearch\results_proposal_full_20260223_v2_blended_real_like\experiments\mnist\MNIST_SimpleMLP_SAM_Adam_seed789.csv,mnist,21,has_nan,19.0,0.0,165.44353866577148,True,True
f:\GDSearch\results_proposal_full_20260223_v2_blended_real_like\experiments\mnist\MNIST_SimpleMLP_SAM_SGD_seed1011.csv,mnist,44,has_nan,40.0,0.0,345.44977164268494,True,True
f:\GDSearch\results_proposal_full_20260223_v2_blended_real_like\experiments\mnist\MNIST_SimpleMLP_SAM_SGD_seed1213.csv,mnist,49,has_nan,45.0,0.0,380.9448628425598,True,True
f:\GDSearch\results_proposal_full_20260223_v2_blended_real_like\experiments\mnist\MNIST_SimpleMLP_SAM_SGD_seed123.csv,mnist,35,has_nan,32.0,0.0,272.4584503173828,True,True
f:\GDSearch\results_proposal_full_20260223_v2_blended_real_like\experiments\mnist\MNIST_SimpleMLP_SAM_SGD_seed1415.csv,mnist,50,has_nan,45.0,0.0,392.2743926048279,True,True
f:\GDSearch\results_proposal_full_20260223_v2_blended_real_like\experiments\mnist\MNIST_SimpleMLP_SAM_SGD_seed1617.csv,mnist,38,has_nan,35.0,0.0,295.1246166229248,True,True
f:\GDSearch\results_proposal_full_20260223_v2_blended_real_like\experiments\mnist\MNIST_SimpleMLP_SAM_SGD_seed1819.csv,mnist,50,has_nan,45.0,0.0,394.0983319282532,True,True
f:\GDSearch\results_proposal_full_20260223_v2_blended_real_like\experiments\mnist\MNIST_SimpleMLP_SAM_SGD_seed2021.csv,mnist,38,has_nan,35.0,0.0,295.6374399662018,True,True
f:\GDSearch\results_proposal_full_20260223_v2_blended_real_like\experiments\mnist\MNIST_SimpleMLP_SAM_SGD_seed42.csv,mnist,43,has_nan,39.0,0.0,337.53181314468384,True,True
f:\GDSearch\results_proposal_full_20260223_v2_blended_real_like\experiments\mnist\MNIST_SimpleMLP_SAM_SGD_seed456.csv,mnist,42,has_nan,38.0,0.0,330.2030494213104,True,True
f:\GDSearch\results_proposal_full_20260223_v2_blended_real_like\experiments\mnist\MNIST_SimpleMLP_SAM_SGD_seed789.csv,mnist,38,has_nan,35.0,0.0,296.1091129779816,True,True
f:\GDSearch\results_proposal_full_20260223_v2_blended_real_like\experiments\mnist\MNIST_SimpleMLP_SGD_Momentum_seed1011.csv,mnist,42,has_nan,38.0,0.0,350.4064710140228,True,True
f:\GDSearch\results_proposal_full_20260223_v2_blended_real_like\experiments\mnist\MNIST_SimpleMLP_SGD_Momentum_seed1213.csv,mnist,41,has_nan,37.0,0.0,345.0126211643219,True,True
f:\GDSearch\results_proposal_full_20260223_v2_blended_real_like\experiments\mnist\MNIST_SimpleMLP_SGD_Momentum_seed123.csv,mnist,36,has_nan,33.0,0.0,298.7577033042908,True,True
f:\GDSearch\results_proposal_full_20260223_v2_blended_real_like\experiments\mnist\MNIST_SimpleMLP_SGD_Momentum_seed1415.csv,mnist,25,has_nan,23.0,0.0,208.0511858463288,True,True
f:\GDSearch\results_proposal_full_20260223_v2_blended_real_like\experiments\mnist\MNIST_SimpleMLP_SGD_Momentum_seed1617.csv,mnist,27,has_nan,25.0,0.0,223.7007517814636,True,True
f:\GDSearch\results_proposal_full_20260223_v2_blended_real_like\experiments\mnist\MNIST_SimpleMLP_SGD_Momentum_seed1819.csv,mnist,26,has_nan,24.0,0.0,215.55066394805908,True,True
f:\GDSearch\results_proposal_full_20260223_v2_blended_real_like\experiments\mnist\MNIST_SimpleMLP_SGD_Momentum_seed2021.csv,mnist,41,has_nan,37.0,0.0,346.2545998096466,True,True
f:\GDSearch\results_proposal_full_20260223_v2_blended_real_like\experiments\mnist\MNIST_SimpleMLP_SGD_Momentum_seed42.csv,mnist,25,has_nan,23.0,0.0,207.38558077812195,True,True
f:\GDSearch\results_proposal_full_20260223_v2_blended_real_like\experiments\mnist\MNIST_SimpleMLP_SGD_Momentum_seed456.csv,mnist,43,has_nan,39.0,0.0,361.2797815799713,True,True
f:\GDSearch\results_proposal_full_20260223_v2_blended_real_like\experiments\mnist\MNIST_SimpleMLP_SGD_Momentum_seed789.csv,mnist,28,has_nan,26.0,0.0,232.22951698303223,True,True
f:\GDSearch\results_proposal_full_20260223_v2_blended_real_like\experiments\mnist\MNIST_SimpleMLP_SGD_seed1011.csv,mnist,50,has_nan,45.0,0.0,419.360652923584,True,True
f:\GDSearch\results_proposal_full_20260223_v2_blended_real_like\experiments\mnist\MNIST_SimpleMLP_SGD_seed1213.csv,mnist,44,has_nan,40.0,0.0,367.7372543811798,True,True
f:\GDSearch\results_proposal_full_20260223_v2_blended_real_like\experiments\mnist\MNIST_SimpleMLP_SGD_seed123.csv,mnist,39,has_nan,36.0,0.0,328.26031947135925,True,True
f:\GDSearch\results_proposal_full_20260223_v2_blended_real_like\experiments\mnist\MNIST_SimpleMLP_SGD_seed1415.csv,mnist,42,has_nan,38.0,0.0,350.85545682907104,True,True
f:\GDSearch\results_proposal_full_20260223_v2_blended_real_like\experiments\mnist\MNIST_SimpleMLP_SGD_seed1617.csv,mnist,30,has_nan,27.0,0.0,250.84320783615112,True,True
f:\GDSearch\results_proposal_full_20260223_v2_blended_real_like\experiments\mnist\MNIST_SimpleMLP_SGD_seed1819.csv,mnist,34,has_nan,31.0,0.0,284.27383732795715,True,True
f:\GDSearch\results_proposal_full_20260223_v2_blended_real_like\experiments\mnist\MNIST_SimpleMLP_SGD_seed2021.csv,mnist,38,has_nan,35.0,0.0,312.40352416038513,True,True
f:\GDSearch\results_proposal_full_20260223_v2_blended_real_like\experiments\mnist\MNIST_SimpleMLP_SGD_seed42.csv,mnist,43,has_nan,39.0,0.0,358.8000588417053,True,True
f:\GDSearch\results_proposal_full_20260223_v2_blended_real_like\experiments\mnist\MNIST_SimpleMLP_SGD_seed456.csv,mnist,37,has_nan,34.0,0.0,306.7809100151062,True,True
f:\GDSearch\results_proposal_full_20260223_v2_blended_real_like\experiments\mnist\MNIST_SimpleMLP_SGD_seed789.csv,mnist,37,has_nan,34.0,0.0,306.1428816318512,True,True
f:\GDSearch\results_proposal_full_20260223_v2_blended_real_like\experiments\wd_ablation\SGD_Momentum_wd0.0e+00_seed1011.csv,wd_ablation,10,has_nan,110.0,0.0,4690.0,True,True
f:\GDSearch\results_proposal_full_20260223_v2_blended_real_like\experiments\wd_ablation\SGD_Momentum_wd0.0e+00_seed1213.csv,wd_ablation,10,has_nan,110.0,0.0,4690.0,True,True
f:\GDSearch\results_proposal_full_20260223_v2_blended_real_like\experiments\wd_ablation\SGD_Momentum_wd0.0e+00_seed123.csv,wd_ablation,10,has_nan,110.0,0.0,4690.0,True,True
f:\GDSearch\results_proposal_full_20260223_v2_blended_real_like\experiments\wd_ablation\SGD_Momentum_wd0.0e+00_seed1415.csv,wd_ablation,10,has_nan,110.0,0.0,4690.0,True,True
f:\GDSearch\results_proposal_full_20260223_v2_blended_real_like\experiments\wd_ablation\SGD_Momentum_wd0.0e+00_seed1617.csv,wd_ablation,10,has_nan,110.0,0.0,4690.0,True,True
f:\GDSearch\results_proposal_full_20260223_v2_blended_real_like\experiments\wd_ablation\SGD_Momentum_wd0.0e+00_seed1819.csv,wd_ablation,10,has_nan,110.0,0.0,4690.0,True,True
f:\GDSearch\results_proposal_full_20260223_v2_blended_real_like\experiments\wd_ablation\SGD_Momentum_wd0.0e+00_seed2021.csv,wd_ablation,10,has_nan,110.0,0.0,4690.0,True,True
f:\GDSearch\results_proposal_full_20260223_v2_blended_real_like\experiments\wd_ablation\SGD_Momentum_wd0.0e+00_seed42.csv,wd_ablation,10,has_nan,110.0,0.0,4690.0,True,True
f:\GDSearch\results_proposal_full_20260223_v2_blended_real_like\experiments\wd_ablation\SGD_Momentum_wd0.0e+00_seed456.csv,wd_ablation,10,has_nan,110.0,0.0,4690.0,True,True
f:\GDSearch\results_proposal_full_20260223_v2_blended_real_like\experiments\wd_ablation\SGD_Momentum_wd0.0e+00_seed789.csv,wd_ablation,10,has_nan,110.0,0.0,4690.0,True,True
f:\GDSearch\results_proposal_full_20260223_v2_blended_real_like\experiments\wd_ablation\SGD_Momentum_wd1.0e-02_seed1011.csv,wd_ablation,10,has_nan,110.0,0.0,4690.0,True,True
f:\GDSearch\results_proposal_full_20260223_v2_blended_real_like\experiments\wd_ablation\SGD_Momentum_wd1.0e-02_seed1213.csv,wd_ablation,10,has_nan,110.0,0.0,4690.0,True,True
f:\GDSearch\results_proposal_full_20260223_v2_blended_real_like\experiments\wd_ablation\SGD_Momentum_wd1.0e-02_seed123.csv,wd_ablation,10,has_nan,110.0,0.0,4690.0,True,True
f:\GDSearch\results_proposal_full_20260223_v2_blended_real_like\experiments\wd_ablation\SGD_Momentum_wd1.0e-02_seed1415.csv,wd_ablation,10,has_nan,110.0,0.0,4690.0,True,True
f:\GDSearch\results_proposal_full_20260223_v2_blended_real_like\experiments\wd_ablation\SGD_Momentum_wd1.0e-02_seed1617.csv,wd_ablation,10,has_nan,110.0,0.0,4690.0,True,True
f:\GDSearch\results_proposal_full_20260223_v2_blended_real_like\experiments\wd_ablation\SGD_Momentum_wd1.0e-02_seed1819.csv,wd_ablation,10,has_nan,110.0,0.0,4690.0,True,True
f:\GDSearch\results_proposal_full_20260223_v2_blended_real_like\experiments\wd_ablation\SGD_Momentum_wd1.0e-02_seed2021.csv,wd_ablation,10,has_nan,110.0,0.0,4690.0,True,True
f:\GDSearch\results_proposal_full_20260223_v2_blended_real_like\experiments\wd_ablation\SGD_Momentum_wd1.0e-02_seed42.csv,wd_ablation,10,has_nan,110.0,0.0,4690.0,True,True
f:\GDSearch\results_proposal_full_20260223_v2_blended_real_like\experiments\wd_ablation\SGD_Momentum_wd1.0e-02_seed456.csv,wd_ablation,10,has_nan,110.0,0.0,4690.0,True,True
f:\GDSearch\results_proposal_full_20260223_v2_blended_real_like\experiments\wd_ablation\SGD_Momentum_wd1.0e-02_seed789.csv,wd_ablation,10,has_nan,110.0,0.0,4690.0,True,True
f:\GDSearch\results_proposal_full_20260223_v2_blended_real_like\experiments\wd_ablation\SGD_Momentum_wd1.0e-03_seed1011.csv,wd_ablation,10,has_nan,110.0,0.0,4690.0,True,True
f:\GDSearch\results_proposal_full_20260223_v2_blended_real_like\experiments\wd_ablation\SGD_Momentum_wd1.0e-03_seed1213.csv,wd_ablation,10,has_nan,110.0,0.0,4690.0,True,True
f:\GDSearch\results_proposal_full_20260223_v2_blended_real_like\experiments\wd_ablation\SGD_Momentum_wd1.0e-03_seed123.csv,wd_ablation,10,has_nan,110.0,0.0,4690.0,True,True
f:\GDSearch\results_proposal_full_20260223_v2_blended_real_like\experiments\wd_ablation\SGD_Momentum_wd1.0e-03_seed1415.csv,wd_ablation,10,has_nan,110.0,0.0,4690.0,True,True
f:\GDSearch\results_proposal_full_20260223_v2_blended_real_like\experiments\wd_ablation\SGD_Momentum_wd1.0e-03_seed1617.csv,wd_ablation,10,has_nan,110.0,0.0,4690.0,True,True
f:\GDSearch\results_proposal_full_20260223_v2_blended_real_like\experiments\wd_ablation\SGD_Momentum_wd1.0e-03_seed1819.csv,wd_ablation,10,has_nan,110.0,0.0,4690.0,True,True
f:\GDSearch\results_proposal_full_20260223_v2_blended_real_like\experiments\wd_ablation\SGD_Momentum_wd1.0e-03_seed2021.csv,wd_ablation,10,has_nan,110.0,0.0,4690.0,True,True
f:\GDSearch\results_proposal_full_20260223_v2_blended_real_like\experiments\wd_ablation\SGD_Momentum_wd1.0e-03_seed42.csv,wd_ablation,10,has_nan,110.0,0.0,4690.0,True,True
f:\GDSearch\results_proposal_full_20260223_v2_blended_real_like\experiments\wd_ablation\SGD_Momentum_wd1.0e-03_seed456.csv,wd_ablation,10,has_nan,110.0,0.0,4690.0,True,True
f:\GDSearch\results_proposal_full_20260223_v2_blended_real_like\experiments\wd_ablation\SGD_Momentum_wd1.0e-03_seed789.csv,wd_ablation,10,has_nan,110.0,0.0,4690.0,True,True
f:\GDSearch\results_proposal_full_20260223_v2_blended_real_like\experiments\wd_ablation\SGD_Momentum_wd1.0e-04_seed1011.csv,wd_ablation,10,has_nan,110.0,0.0,4690.0,True,True
f:\GDSearch\results_proposal_full_20260223_v2_blended_real_like\experiments\wd_ablation\SGD_Momentum_wd1.0e-04_seed1213.csv,wd_ablation,10,has_nan,110.0,0.0,4690.0,True,True
f:\GDSearch\results_proposal_full_20260223_v2_blended_real_like\experiments\wd_ablation\SGD_Momentum_wd1.0e-04_seed123.csv,wd_ablation,10,has_nan,110.0,0.0,4690.0,True,True
f:\GDSearch\results_proposal_full_20260223_v2_blended_real_like\experiments\wd_ablation\SGD_Momentum_wd1.0e-04_seed1415.csv,wd_ablation,10,has_nan,110.0,0.0,4690.0,True,True
f:\GDSearch\results_proposal_full_20260223_v2_blended_real_like\experiments\wd_ablation\SGD_Momentum_wd1.0e-04_seed1617.csv,wd_ablation,10,has_nan,110.0,0.0,4690.0,True,True
f:\GDSearch\results_proposal_full_20260223_v2_blended_real_like\experiments\wd_ablation\SGD_Momentum_wd1.0e-04_seed1819.csv,wd_ablation,10,has_nan,110.0,0.0,4690.0,True,True
f:\GDSearch\results_proposal_full_20260223_v2_blended_real_like\experiments\wd_ablation\SGD_Momentum_wd1.0e-04_seed2021.csv,wd_ablation,10,has_nan,110.0,0.0,4690.0,True,True
f:\GDSearch\results_proposal_full_20260223_v2_blended_real_like\experiments\wd_ablation\SGD_Momentum_wd1.0e-04_seed42.csv,wd_ablation,10,has_nan,110.0,0.0,4690.0,True,True
f:\GDSearch\results_proposal_full_20260223_v2_blended_real_like\experiments\wd_ablation\SGD_Momentum_wd1.0e-04_seed456.csv,wd_ablation,10,has_nan,110.0,0.0,4690.0,True,True
f:\GDSearch\results_proposal_full_20260223_v2_blended_real_like\experiments\wd_ablation\SGD_Momentum_wd1.0e-04_seed789.csv,wd_ablation,10,has_nan,110.0,0.0,4690.0,True,True
f:\GDSearch\results_proposal_full_20260223_v2_blended_real_like\experiments\wd_ablation\SGD_Momentum_wd1.0e-05_seed1011.csv,wd_ablation,10,has_nan,110.0,0.0,4690.0,True,True
f:\GDSearch\results_proposal_full_20260223_v2_blended_real_like\experiments\wd_ablation\SGD_Momentum_wd1.0e-05_seed1213.csv,wd_ablation,10,has_nan,110.0,0.0,4690.0,True,True
f:\GDSearch\results_proposal_full_20260223_v2_blended_real_like\experiments\wd_ablation\SGD_Momentum_wd1.0e-05_seed123.csv,wd_ablation,10,has_nan,110.0,0.0,4690.0,True,True
f:\GDSearch\results_proposal_full_20260223_v2_blended_real_like\experiments\wd_ablation\SGD_Momentum_wd1.0e-05_seed1415.csv,wd_ablation,10,has_nan,110.0,0.0,4690.0,True,True
f:\GDSearch\results_proposal_full_20260223_v2_blended_real_like\experiments\wd_ablation\SGD_Momentum_wd1.0e-05_seed1617.csv,wd_ablation,10,has_nan,110.0,0.0,4690.0,True,True
f:\GDSearch\results_proposal_full_20260223_v2_blended_real_like\experiments\wd_ablation\SGD_Momentum_wd1.0e-05_seed1819.csv,wd_ablation,10,has_nan,110.0,0.0,4690.0,True,True
f:\GDSearch\results_proposal_full_20260223_v2_blended_real_like\experiments\wd_ablation\SGD_Momentum_wd1.0e-05_seed2021.csv,wd_ablation,10,has_nan,110.0,0.0,4690.0,True,True
f:\GDSearch\results_proposal_full_20260223_v2_blended_real_like\experiments\wd_ablation\SGD_Momentum_wd1.0e-05_seed42.csv,wd_ablation,10,has_nan,110.0,0.0,4690.0,True,True
f:\GDSearch\results_proposal_full_20260223_v2_blended_real_like\experiments\wd_ablation\SGD_Momentum_wd1.0e-05_seed456.csv,wd_ablation,10,has_nan,110.0,0.0,4690.0,True,True
f:\GDSearch\results_proposal_full_20260223_v2_blended_real_like\experiments\wd_ablation\SGD_Momentum_wd1.0e-05_seed789.csv,wd_ablation,10,has_nan,110.0,0.0,4690.0,True,True
f:\GDSearch\results_proposal_full_20260223_v2_blended_real_like\experiments\wd_ablation\SGD_Momentum_wd1.0e-06_seed1011.csv,wd_ablation,10,has_nan,110.0,0.0,4690.0,True,True
f:\GDSearch\results_proposal_full_20260223_v2_blended_real_like\experiments\wd_ablation\SGD_Momentum_wd1.0e-06_seed1213.csv,wd_ablation,10,has_nan,110.0,0.0,4690.0,True,True
f:\GDSearch\results_proposal_full_20260223_v2_blended_real_like\experiments\wd_ablation\SGD_Momentum_wd1.0e-06_seed123.csv,wd_ablation,10,has_nan,110.0,0.0,4690.0,True,True
f:\GDSearch\results_proposal_full_20260223_v2_blended_real_like\experiments\wd_ablation\SGD_Momentum_wd1.0e-06_seed1415.csv,wd_ablation,10,has_nan,110.0,0.0,4690.0,True,True
f:\GDSearch\results_proposal_full_20260223_v2_blended_real_like\experiments\wd_ablation\SGD_Momentum_wd1.0e-06_seed1617.csv,wd_ablation,10,has_nan,110.0,0.0,4690.0,True,True
f:\GDSearch\results_proposal_full_20260223_v2_blended_real_like\experiments\wd_ablation\SGD_Momentum_wd1.0e-06_seed1819.csv,wd_ablation,10,has_nan,110.0,0.0,4690.0,True,True
f:\GDSearch\results_proposal_full_20260223_v2_blended_real_like\experiments\wd_ablation\SGD_Momentum_wd1.0e-06_seed2021.csv,wd_ablation,10,has_nan,110.0,0.0,4690.0,True,True
f:\GDSearch\results_proposal_full_20260223_v2_blended_real_like\experiments\wd_ablation\SGD_Momentum_wd1.0e-06_seed42.csv,wd_ablation,10,has_nan,110.0,0.0,4690.0,True,True
f:\GDSearch\results_proposal_full_20260223_v2_blended_real_like\experiments\wd_ablation\SGD_Momentum_wd1.0e-06_seed456.csv,wd_ablation,10,has_nan,110.0,0.0,4690.0,True,True
f:\GDSearch\results_proposal_full_20260223_v2_blended_real_like\experiments\wd_ablation\SGD_Momentum_wd1.0e-06_seed789.csv,wd_ablation,10,has_nan,110.0,0.0,4690.0,True,True
f:\GDSearch\results_proposal_full_20260223_v2_blended_real_like\experiments\wd_ablation\SGD_wd0.0e+00_seed1011.csv,wd_ablation,5,has_nan,55.0,0.0,2345.0,True,True
f:\GDSearch\results_proposal_full_20260223_v2_blended_real_like\experiments\wd_ablation\SGD_wd0.0e+00_seed1213.csv,wd_ablation,5,has_nan,55.0,0.0,2345.0,True,True
f:\GDSearch\results_proposal_full_20260223_v2_blended_real_like\experiments\wd_ablation\SGD_wd0.0e+00_seed123.csv,wd_ablation,5,has_nan,55.0,0.0,2345.0,True,True
f:\GDSearch\results_proposal_full_20260223_v2_blended_real_like\experiments\wd_ablation\SGD_wd0.0e+00_seed1415.csv,wd_ablation,5,has_nan,55.0,0.0,2345.0,True,True
f:\GDSearch\results_proposal_full_20260223_v2_blended_real_like\experiments\wd_ablation\SGD_wd0.0e+00_seed1617.csv,wd_ablation,5,has_nan,55.0,0.0,2345.0,True,True
f:\GDSearch\results_proposal_full_20260223_v2_blended_real_like\experiments\wd_ablation\SGD_wd0.0e+00_seed1819.csv,wd_ablation,5,has_nan,55.0,0.0,2345.0,True,True
f:\GDSearch\results_proposal_full_20260223_v2_blended_real_like\experiments\wd_ablation\SGD_wd0.0e+00_seed2021.csv,wd_ablation,5,has_nan,55.0,0.0,2345.0,True,True
f:\GDSearch\results_proposal_full_20260223_v2_blended_real_like\experiments\wd_ablation\SGD_wd0.0e+00_seed42.csv,wd_ablation,5,has_nan,55.0,0.0,2345.0,True,True
f:\GDSearch\results_proposal_full_20260223_v2_blended_real_like\experiments\wd_ablation\SGD_wd0.0e+00_seed456.csv,wd_ablation,5,has_nan,55.0,0.0,2345.0,True,True
f:\GDSearch\results_proposal_full_20260223_v2_blended_real_like\experiments\wd_ablation\SGD_wd0.0e+00_seed789.csv,wd_ablation,5,has_nan,55.0,0.0,2345.0,True,True
f:\GDSearch\results_proposal_full_20260223_v2_blended_real_like\experiments\wd_ablation\SGD_wd1.0e-02_seed1011.csv,wd_ablation,10,has_nan,110.0,0.0,4690.0,True,True
f:\GDSearch\results_proposal_full_20260223_v2_blended_real_like\experiments\wd_ablation\SGD_wd1.0e-02_seed1213.csv,wd_ablation,10,has_nan,110.0,0.0,4690.0,True,True
f:\GDSearch\results_proposal_full_20260223_v2_blended_real_like\experiments\wd_ablation\SGD_wd1.0e-02_seed123.csv,wd_ablation,10,has_nan,110.0,0.0,4690.0,True,True
f:\GDSearch\results_proposal_full_20260223_v2_blended_real_like\experiments\wd_ablation\SGD_wd1.0e-02_seed1415.csv,wd_ablation,10,has_nan,110.0,0.0,4690.0,True,True
f:\GDSearch\results_proposal_full_20260223_v2_blended_real_like\experiments\wd_ablation\SGD_wd1.0e-02_seed1617.csv,wd_ablation,10,has_nan,110.0,0.0,4690.0,True,True
f:\GDSearch\results_proposal_full_20260223_v2_blended_real_like\experiments\wd_ablation\SGD_wd1.0e-02_seed1819.csv,wd_ablation,10,has_nan,110.0,0.0,4690.0,True,True
f:\GDSearch\results_proposal_full_20260223_v2_blended_real_like\experiments\wd_ablation\SGD_wd1.0e-02_seed2021.csv,wd_ablation,10,has_nan,110.0,0.0,4690.0,True,True
f:\GDSearch\results_proposal_full_20260223_v2_blended_real_like\experiments\wd_ablation\SGD_wd1.0e-02_seed42.csv,wd_ablation,10,has_nan,110.0,0.0,4690.0,True,True
f:\GDSearch\results_proposal_full_20260223_v2_blended_real_like\experiments\wd_ablation\SGD_wd1.0e-02_seed456.csv,wd_ablation,10,has_nan,110.0,0.0,4690.0,True,True
f:\GDSearch\results_proposal_full_20260223_v2_blended_real_like\experiments\wd_ablation\SGD_wd1.0e-02_seed789.csv,wd_ablation,10,has_nan,110.0,0.0,4690.0,True,True
f:\GDSearch\results_proposal_full_20260223_v2_blended_real_like\experiments\wd_ablation\SGD_wd1.0e-03_seed1011.csv,wd_ablation,5,has_nan,55.0,0.0,2345.0,True,True
f:\GDSearch\results_proposal_full_20260223_v2_blended_real_like\experiments\wd_ablation\SGD_wd1.0e-03_seed1213.csv,wd_ablation,5,has_nan,55.0,0.0,2345.0,True,True
f:\GDSearch\results_proposal_full_20260223_v2_blended_real_like\experiments\wd_ablation\SGD_wd1.0e-03_seed123.csv,wd_ablation,5,has_nan,55.0,0.0,2345.0,True,True
f:\GDSearch\results_proposal_full_20260223_v2_blended_real_like\experiments\wd_ablation\SGD_wd1.0e-03_seed1415.csv,wd_ablation,5,has_nan,55.0,0.0,2345.0,True,True
f:\GDSearch\results_proposal_full_20260223_v2_blended_real_like\experiments\wd_ablation\SGD_wd1.0e-03_seed1617.csv,wd_ablation,5,has_nan,55.0,0.0,2345.0,True,True
f:\GDSearch\results_proposal_full_20260223_v2_blended_real_like\experiments\wd_ablation\SGD_wd1.0e-03_seed1819.csv,wd_ablation,5,has_nan,55.0,0.0,2345.0,True,True
f:\GDSearch\results_proposal_full_20260223_v2_blended_real_like\experiments\wd_ablation\SGD_wd1.0e-03_seed2021.csv,wd_ablation,5,has_nan,55.0,0.0,2345.0,True,True
f:\GDSearch\results_proposal_full_20260223_v2_blended_real_like\experiments\wd_ablation\SGD_wd1.0e-03_seed42.csv,wd_ablation,5,has_nan,55.0,0.0,2345.0,True,True
f:\GDSearch\results_proposal_full_20260223_v2_blended_real_like\experiments\wd_ablation\SGD_wd1.0e-03_seed456.csv,wd_ablation,5,has_nan,55.0,0.0,2345.0,True,True
f:\GDSearch\results_proposal_full_20260223_v2_blended_real_like\experiments\wd_ablation\SGD_wd1.0e-03_seed789.csv,wd_ablation,5,has_nan,55.0,0.0,2345.0,True,True
f:\GDSearch\results_proposal_full_20260223_v2_blended_real_like\experiments\wd_ablation\SGD_wd1.0e-04_seed1011.csv,wd_ablation,5,has_nan,55.0,0.0,2345.0,True,True
f:\GDSearch\results_proposal_full_20260223_v2_blended_real_like\experiments\wd_ablation\SGD_wd1.0e-04_seed1213.csv,wd_ablation,5,has_nan,55.0,0.0,2345.0,True,True
f:\GDSearch\results_proposal_full_20260223_v2_blended_real_like\experiments\wd_ablation\SGD_wd1.0e-04_seed123.csv,wd_ablation,5,has_nan,55.0,0.0,2345.0,True,True
f:\GDSearch\results_proposal_full_20260223_v2_blended_real_like\experiments\wd_ablation\SGD_wd1.0e-04_seed1415.csv,wd_ablation,5,has_nan,55.0,0.0,2345.0,True,True
f:\GDSearch\results_proposal_full_20260223_v2_blended_real_like\experiments\wd_ablation\SGD_wd1.0e-04_seed1617.csv,wd_ablation,5,has_nan,55.0,0.0,2345.0,True,True
f:\GDSearch\results_proposal_full_20260223_v2_blended_real_like\experiments\wd_ablation\SGD_wd1.0e-04_seed1819.csv,wd_ablation,5,has_nan,55.0,0.0,2345.0,True,True
f:\GDSearch\results_proposal_full_20260223_v2_blended_real_like\experiments\wd_ablation\SGD_wd1.0e-04_seed2021.csv,wd_ablation,5,has_nan,55.0,0.0,2345.0,True,True
f:\GDSearch\results_proposal_full_20260223_v2_blended_real_like\experiments\wd_ablation\SGD_wd1.0e-04_seed42.csv,wd_ablation,5,has_nan,55.0,0.0,2345.0,True,True
f:\GDSearch\results_proposal_full_20260223_v2_blended_real_like\experiments\wd_ablation\SGD_wd1.0e-04_seed456.csv,wd_ablation,5,has_nan,55.0,0.0,2345.0,True,True
f:\GDSearch\results_proposal_full_20260223_v2_blended_real_like\experiments\wd_ablation\SGD_wd1.0e-04_seed789.csv,wd_ablation,5,has_nan,55.0,0.0,2345.0,True,True
f:\GDSearch\results_proposal_full_20260223_v2_blended_real_like\experiments\wd_ablation\SGD_wd1.0e-05_seed1011.csv,wd_ablation,10,has_nan,110.0,0.0,4690.0,True,True
f:\GDSearch\results_proposal_full_20260223_v2_blended_real_like\experiments\wd_ablation\SGD_wd1.0e-05_seed1213.csv,wd_ablation,10,has_nan,110.0,0.0,4690.0,True,True
f:\GDSearch\results_proposal_full_20260223_v2_blended_real_like\experiments\wd_ablation\SGD_wd1.0e-05_seed123.csv,wd_ablation,10,has_nan,110.0,0.0,4690.0,True,True
f:\GDSearch\results_proposal_full_20260223_v2_blended_real_like\experiments\wd_ablation\SGD_wd1.0e-05_seed1415.csv,wd_ablation,10,has_nan,110.0,0.0,4690.0,True,True
f:\GDSearch\results_proposal_full_20260223_v2_blended_real_like\experiments\wd_ablation\SGD_wd1.0e-05_seed1617.csv,wd_ablation,10,has_nan,110.0,0.0,4690.0,True,True
f:\GDSearch\results_proposal_full_20260223_v2_blended_real_like\experiments\wd_ablation\SGD_wd1.0e-05_seed1819.csv,wd_ablation,10,has_nan,110.0,0.0,4690.0,True,True
f:\GDSearch\results_proposal_full_20260223_v2_blended_real_like\experiments\wd_ablation\SGD_wd1.0e-05_seed2021.csv,wd_ablation,10,has_nan,110.0,0.0,4690.0,True,True
f:\GDSearch\results_proposal_full_20260223_v2_blended_real_like\experiments\wd_ablation\SGD_wd1.0e-05_seed42.csv,wd_ablation,10,has_nan,110.0,0.0,4690.0,True,True
f:\GDSearch\results_proposal_full_20260223_v2_blended_real_like\experiments\wd_ablation\SGD_wd1.0e-05_seed456.csv,wd_ablation,10,has_nan,110.0,0.0,4690.0,True,True
f:\GDSearch\results_proposal_full_20260223_v2_blended_real_like\experiments\wd_ablation\SGD_wd1.0e-05_seed789.csv,wd_ablation,10,has_nan,110.0,0.0,4690.0,True,True
f:\GDSearch\results_proposal_full_20260223_v2_blended_real_like\experiments\wd_ablation\SGD_wd1.0e-06_seed1011.csv,wd_ablation,10,has_nan,110.0,0.0,4690.0,True,True
f:\GDSearch\results_proposal_full_20260223_v2_blended_real_like\experiments\wd_ablation\SGD_wd1.0e-06_seed1213.csv,wd_ablation,10,has_nan,110.0,0.0,4690.0,True,True
f:\GDSearch\results_proposal_full_20260223_v2_blended_real_like\experiments\wd_ablation\SGD_wd1.0e-06_seed123.csv,wd_ablation,10,has_nan,110.0,0.0,4690.0,True,True
f:\GDSearch\results_proposal_full_20260223_v2_blended_real_like\experiments\wd_ablation\SGD_wd1.0e-06_seed1415.csv,wd_ablation,10,has_nan,110.0,0.0,4690.0,True,True
f:\GDSearch\results_proposal_full_20260223_v2_blended_real_like\experiments\wd_ablation\SGD_wd1.0e-06_seed1617.csv,wd_ablation,10,has_nan,110.0,0.0,4690.0,True,True
f:\GDSearch\results_proposal_full_20260223_v2_blended_real_like\experiments\wd_ablation\SGD_wd1.0e-06_seed1819.csv,wd_ablation,10,has_nan,110.0,0.0,4690.0,True,True
f:\GDSearch\results_proposal_full_20260223_v2_blended_real_like\experiments\wd_ablation\SGD_wd1.0e-06_seed2021.csv,wd_ablation,10,has_nan,110.0,0.0,4690.0,True,True
f:\GDSearch\results_proposal_full_20260223_v2_blended_real_like\experiments\wd_ablation\SGD_wd1.0e-06_seed42.csv,wd_ablation,10,has_nan,110.0,0.0,4690.0,True,True
f:\GDSearch\results_proposal_full_20260223_v2_blended_real_like\experiments\wd_ablation\SGD_wd1.0e-06_seed456.csv,wd_ablation,10,has_nan,110.0,0.0,4690.0,True,True
f:\GDSearch\results_proposal_full_20260223_v2_blended_real_like\experiments\wd_ablation\SGD_wd1.0e-06_seed789.csv,wd_ablation,10,has_nan,110.0,0.0,4690.0,True,True
f:\GDSearch\results_proposal_full_20260223_v2_blended_real_like\experiments\experiments\mnist\MNIST_SimpleMLP_AdamW_seed1011.csv,experiments,16,has_nan,15.0,0.0,277.6818594932556,True,True
f:\GDSearch\results_proposal_full_20260223_v2_blended_real_like\experiments\experiments\mnist\MNIST_SimpleMLP_AdamW_seed1213.csv,experiments,47,has_nan,43.0,0.0,786.6418960094452,True,True
f:\GDSearch\results_proposal_full_20260223_v2_blended_real_like\experiments\experiments\mnist\MNIST_SimpleMLP_AdamW_seed123.csv,experiments,18,has_nan,17.0,0.0,318.28678703308105,True,True
f:\GDSearch\results_proposal_full_20260223_v2_blended_real_like\experiments\experiments\mnist\MNIST_SimpleMLP_AdamW_seed1415.csv,experiments,48,has_nan,44.0,0.0,864.7645604610443,True,True
f:\GDSearch\results_proposal_full_20260223_v2_blended_real_like\experiments\experiments\mnist\MNIST_SimpleMLP_AdamW_seed1617.csv,experiments,48,has_nan,44.0,0.0,2196.979770898819,True,True
f:\GDSearch\results_proposal_full_20260223_v2_blended_real_like\experiments\experiments\mnist\MNIST_SimpleMLP_AdamW_seed42.csv,experiments,14,has_nan,13.0,0.0,246.7565724849701,True,True
f:\GDSearch\results_proposal_full_20260223_v2_blended_real_like\experiments\experiments\mnist\MNIST_SimpleMLP_AdamW_seed456.csv,experiments,42,has_nan,38.0,0.0,721.0343463420868,True,True
f:\GDSearch\results_proposal_full_20260223_v2_blended_real_like\experiments\experiments\mnist\MNIST_SimpleMLP_AdamW_seed789.csv,experiments,24,has_nan,22.0,0.0,416.3380296230316,True,True
f:\GDSearch\results_proposal_full_20260223_v2_blended_real_like\experiments\experiments\mnist\MNIST_SimpleMLP_Adam_seed1011.csv,experiments,40,has_nan,36.0,0.0,684.0817081928253,True,True
f:\GDSearch\results_proposal_full_20260223_v2_blended_real_like\experiments\experiments\mnist\MNIST_SimpleMLP_Adam_seed1213.csv,experiments,39,has_nan,36.0,0.0,643.2647795677185,True,True
f:\GDSearch\results_proposal_full_20260223_v2_blended_real_like\experiments\experiments\mnist\MNIST_SimpleMLP_Adam_seed123.csv,experiments,44,has_nan,40.0,0.0,783.0569455623627,True,True
f:\GDSearch\results_proposal_full_20260223_v2_blended_real_like\experiments\experiments\mnist\MNIST_SimpleMLP_Adam_seed1415.csv,experiments,43,has_nan,39.0,0.0,724.4030096530914,True,True
f:\GDSearch\results_proposal_full_20260223_v2_blended_real_like\experiments\experiments\mnist\MNIST_SimpleMLP_Adam_seed1617.csv,experiments,42,has_nan,38.0,0.0,670.4261803627014,True,True
f:\GDSearch\results_proposal_full_20260223_v2_blended_real_like\experiments\experiments\mnist\MNIST_SimpleMLP_Adam_seed1819.csv,experiments,48,has_nan,44.0,0.0,770.2814154624939,True,True
f:\GDSearch\results_proposal_full_20260223_v2_blended_real_like\experiments\experiments\mnist\MNIST_SimpleMLP_Adam_seed2021.csv,experiments,15,has_nan,14.0,0.0,239.26933360099792,True,True
f:\GDSearch\results_proposal_full_20260223_v2_blended_real_like\experiments\experiments\mnist\MNIST_SimpleMLP_Adam_seed42.csv,experiments,44,has_nan,40.0,0.0,1847.3771045207973,True,True
f:\GDSearch\results_proposal_full_20260223_v2_blended_real_like\experiments\experiments\mnist\MNIST_SimpleMLP_Adam_seed456.csv,experiments,50,has_nan,45.0,0.0,837.7732009887695,True,True
f:\GDSearch\results_proposal_full_20260223_v2_blended_real_like\experiments\experiments\mnist\MNIST_SimpleMLP_Adam_seed789.csv,experiments,39,has_nan,36.0,0.0,673.7671546936035,True,True
f:\GDSearch\results_proposal_full_20260223_v2_blended_real_like\experiments\experiments\mnist\MNIST_SimpleMLP_SGD_Momentum_seed1011.csv,experiments,21,has_nan,19.0,0.0,926.2140233516692,True,True
f:\GDSearch\results_proposal_full_20260223_v2_blended_real_like\experiments\experiments\mnist\MNIST_SimpleMLP_SGD_Momentum_seed1213.csv,experiments,21,has_nan,19.0,0.0,932.17111825943,True,True
f:\GDSearch\results_proposal_full_20260223_v2_blended_real_like\experiments\experiments\mnist\MNIST_SimpleMLP_SGD_Momentum_seed123.csv,experiments,23,has_nan,21.0,0.0,1060.6549746990204,True,True
f:\GDSearch\results_proposal_full_20260223_v2_blended_real_like\experiments\experiments\mnist\MNIST_SimpleMLP_SGD_Momentum_seed1415.csv,experiments,26,has_nan,24.0,0.0,1073.7769632339478,True,True
f:\GDSearch\results_proposal_full_20260223_v2_blended_real_like\experiments\experiments\mnist\MNIST_SimpleMLP_SGD_Momentum_seed1617.csv,experiments,22,has_nan,20.0,0.0,886.4371521472931,True,True
f:\GDSearch\results_proposal_full_20260223_v2_blended_real_like\experiments\experiments\mnist\MNIST_SimpleMLP_SGD_Momentum_seed1819.csv,experiments,19,has_nan,18.0,0.0,757.8381524085999,True,True
f:\GDSearch\results_proposal_full_20260223_v2_blended_real_like\experiments\experiments\mnist\MNIST_SimpleMLP_SGD_Momentum_seed2021.csv,experiments,22,has_nan,20.0,0.0,1013.3794739246368,True,True
f:\GDSearch\results_proposal_full_20260223_v2_blended_real_like\experiments\experiments\mnist\MNIST_SimpleMLP_SGD_Momentum_seed42.csv,experiments,20,has_nan,18.0,0.0,864.5956025123596,True,True
f:\GDSearch\results_proposal_full_20260223_v2_blended_real_like\experiments\experiments\mnist\MNIST_SimpleMLP_SGD_Momentum_seed456.csv,experiments,20,has_nan,18.0,0.0,826.8800263404846,True,True
f:\GDSearch\results_proposal_full_20260223_v2_blended_real_like\experiments\experiments\mnist\MNIST_SimpleMLP_SGD_Momentum_seed789.csv,experiments,28,has_nan,26.0,0.0,1132.1927123069763,True,True
f:\GDSearch\results_proposal_full_20260223_v2_blended_real_like\experiments\experiments\mnist\MNIST_SimpleMLP_SGD_seed1011.csv,experiments,40,has_nan,36.0,0.0,1224.8088598251345,True,True
f:\GDSearch\results_proposal_full_20260223_v2_blended_real_like\experiments\experiments\mnist\MNIST_SimpleMLP_SGD_seed1213.csv,experiments,37,has_nan,34.0,0.0,1505.9173028469086,True,True
f:\GDSearch\results_proposal_full_20260223_v2_blended_real_like\experiments\experiments\mnist\MNIST_SimpleMLP_SGD_seed123.csv,experiments,36,has_nan,33.0,0.0,1409.1932005882263,True,True
f:\GDSearch\results_proposal_full_20260223_v2_blended_real_like\experiments\experiments\mnist\MNIST_SimpleMLP_SGD_seed1415.csv,experiments,21,has_nan,19.0,0.0,814.8453531265259,True,True
f:\GDSearch\results_proposal_full_20260223_v2_blended_real_like\experiments\experiments\mnist\MNIST_SimpleMLP_SGD_seed1617.csv,experiments,38,has_nan,35.0,0.0,1138.9463131427765,True,True
f:\GDSearch\results_proposal_full_20260223_v2_blended_real_like\experiments\experiments\mnist\MNIST_SimpleMLP_SGD_seed1819.csv,experiments,28,has_nan,26.0,0.0,810.0283751487732,True,True
f:\GDSearch\results_proposal_full_20260223_v2_blended_real_like\experiments\experiments\mnist\MNIST_SimpleMLP_SGD_seed2021.csv,experiments,40,has_nan,36.0,0.0,1813.0158517360687,True,True
f:\GDSearch\results_proposal_full_20260223_v2_blended_real_like\experiments\experiments\mnist\MNIST_SimpleMLP_SGD_seed42.csv,experiments,23,has_nan,21.0,0.0,898.34508061409,True,True
f:\GDSearch\results_proposal_full_20260223_v2_blended_real_like\experiments\experiments\mnist\MNIST_SimpleMLP_SGD_seed456.csv,experiments,42,has_nan,38.0,0.0,1387.4253990650177,True,True
f:\GDSearch\results_proposal_full_20260223_v2_blended_real_like\experiments\experiments\mnist\MNIST_SimpleMLP_SGD_seed789.csv,experiments,29,has_nan,27.0,0.0,1125.2206144332886,True,True
f:\GDSearch\results_proposal_full_20260223_v2_blended_real_like\experiments\experiments\nlp\imdb\IMDB_distilbert-base-uncased_AdamW_seed1213.csv,experiments,3,has_nan,4.0,0.0,88.0,True,True
f:\GDSearch\results_proposal_full_20260223_v2_blended_real_like\experiments\experiments\nlp\imdb\IMDB_distilbert-base-uncased_AdamW_seed1415.csv,experiments,3,has_nan,4.0,0.0,90.66666666666669,True,True
f:\GDSearch\results_proposal_full_20260223_v2_blended_real_like\experiments\experiments\nlp\imdb\IMDB_distilbert-base-uncased_AdamW_seed1617.csv,experiments,3,has_nan,4.0,0.0,86.2,True,True
